option_type,strike,expiration_date,yearstoexp,bid,ask,volume,open_interest,mid_iv,delta,gamma,theta,vega
put,58.0,2024-12-11,0.002739852866565195,0.0,0.21,0,0,2.522587,4.0e-16,-5.371003644438092e-15,0.0,1.9999999830992727e-5
call,58.0,2024-12-11,0.0027405821917808218,13.15,14.1,2,43,3.521227,1.0000000000000004,-5.371003644438092e-15,0.0,1.9999999830992727e-5
put,59.0,2024-12-11,0.002739757737189244,0.0,0.21,0,0,2.353803,4.0e-16,-5.371003644438092e-15,-5.98739165145904e-32,1.9999999830992727e-5
call,59.0,2024-12-11,0.002740613901572806,11.15,13.15,0,0,3.17177,1.0000000000000004,-5.371003644438092e-15,-5.98739165145904e-32,1.9999999830992727e-5
call,60.0,2024-12-11,0.0027399479959411468,9.45,13.3,0,0,4.062402,1.0000000000000004,-5.371003644438092e-15,-5.036202676788951e-25,1.9999999830992727e-5
put,60.0,2024-12-11,0.002748921867072552,0.0,0.21,0,0,2.187898,4.0e-16,-5.371003644438092e-15,-5.036202676788951e-25,1.9999999830992727e-5
put,61.0,2024-12-11,0.002740613901572806,0.0,0.21,0,0,2.02386,4.0e-16,-5.371003644438092e-15,-6.211281412964148e-20,1.9999999830992727e-5
call,61.0,2024-12-11,0.002740613901572806,9.7,11.0,0,0,2.560716,1.0000000000000004,-5.371003644438092e-15,-6.211281412964148e-20,1.9999999830992727e-5
put,62.0,2024-12-11,0.002739884576357179,0.0,0.22,0,0,1.877275,4.0e-16,-5.371003644438092e-15,-5.881308157183781e-16,1.999999980684883e-5
call,62.0,2024-12-11,0.002740613901572806,8.15,10.05,0,0,2.435709,1.0000000000000004,-5.371003644438092e-15,-5.881308157183781e-16,1.999999980684883e-5
put,63.0,2024-12-11,0.002739884576357179,0.0,0.21,2,1,1.008271,4.0e-16,-5.371003644438092e-15,-3.4962719524514303e-13,1.999999980684883e-5
call,63.0,2024-12-11,0.002740011415525114,7.15,9.5,0,0,2.799075,1.0000000000000004,-5.371003644438092e-15,-3.4962719524514303e-13,1.999999980684883e-5
put,64.0,2024-12-11,0.002739757737189244,0.0,0.22,0,33,1.54444,4.0e-16,-5.371003644438092e-15,-3.4962719524514303e-13,1.999999980684883e-5
call,64.0,2024-12-11,0.0027408992897006595,6.15,7.7,0,0,1.549157,1.0000000000000004,-5.371003644438092e-15,-3.4962719524514303e-13,1.999999980684883e-5
put,65.0,2024-12-11,0.002740043125317098,0.0,0.03,1,9,0.916942,4.0e-16,-5.371003644438092e-15,-3.4962719524514303e-13,1.999999980684883e-5
call,65.0,2024-12-11,0.0027401065449010656,6.15,7.35,0,0,2.397011,1.0000000000000004,-5.371003644438092e-15,-3.4962719524514303e-13,1.999999980684883e-5
put,66.0,2024-12-11,0.003341577879249112,0.0,0.01,0,121,NaN,NaN,NaN,NaN,NaN
call,66.0,2024-12-11,0.0027408992897006595,5.0,6.45,0,3,2.078554,1.0000000000000004,-5.371003644438092e-15,-3.4962719524514303e-13,1.999999980684883e-5
put,67.0,2024-12-11,0.0028983701166920344,0.0,0.02,1,268,NaN,NaN,NaN,NaN,NaN
call,67.0,2024-12-11,0.002739852866565195,2.62,4.9,0,0,1.389898,0.9999999999999928,4.451991139965044e-14,3.5665470186957034e-13,2.0000000096408038e-5
put,68.0,2024-12-11,0.0027396943176052767,0.01,0.22,31,302,0.47354,-0.0061103407166226,0.011992206631439704,-0.0027235823686063117,0.0005105653066206973
call,68.0,2024-12-11,0.0027399797057331304,2.1,4.4,0,3,1.534109,0.9938896592833774,0.011992206631439704,-0.0027235823686063117,0.0005105653066206973
put,69.0,2024-12-11,0.002740613901572806,0.01,0.05,64,361,0.389834,-0.039534710769579,0.05545475803347186,-0.01974493427584985,0.0031703614692327677
call,69.0,2024-12-11,0.0027399479959411468,1.95,2.95,0,30,0.972286,0.960465289230421,0.05545475803347186,-0.01974493427584985,0.0031703614692327677
put,70.0,2024-12-11,0.002739884576357179,0.03,0.1,192,373,0.322833,-0.137650264621069,0.15752280380156405,-0.08087096642615163,0.007721999262794657
call,70.0,2024-12-11,0.002739789446981228,1.4,1.88,11,244,0.524962,0.862349735378931,0.15752280380156405,-0.08087096642615163,0.007721999262794657
put,71.0,2024-12-11,0.002739757737189244,0.08,0.36,260,253,0.324153,-0.3679805584039904,0.30980034829488834,-0.21489015570722564,0.013572182550770745
call,71.0,2024-12-11,0.002739757737189244,0.66,0.92,127,268,0.322066,0.6320194415960096,0.30980034829488834,-0.21489015570722564,0.013572182550770745
put,72.0,2024-12-11,0.002739884576357179,0.55,1.06,33,2613,0.2875,-0.6959125424490675,0.3097256918545933,-0.21113898936408737,0.013644819541297981
call,72.0,2024-12-11,0.002739852866565195,0.21,0.65,478,1343,0.46151,0.30408745755093247,0.3097256918545933,-0.21113898936408737,0.013644819541297981
call,73.0,2024-12-11,0.002739789446981228,0.04,0.08,312,706,0.32398,0.09695109490152422,0.15457773445228765,-0.06555942894520465,0.006982406990290488
put,73.0,2024-12-11,0.002739757737189244,1.38,2.22,6,19,0.517285,-0.9030489050984758,0.15457773445228765,-0.06555942894520465,0.006982406990290488
put,74.0,2024-12-11,0.002739789446981228,1.44,2.8,0,0,0.738749,-0.981178703509583,0.043585609499997936,-0.010526132262342851,0.0022973376959192723
call,74.0,2024-12-11,0.002739757737189244,0.01,0.18,182,696,0.395926,0.01882129649041702,0.043585609499997936,-0.010526132262342851,0.0022973376959192723
put,75.0,2024-12-11,0.002740709030948757,2.93,4.05,34,2,1.14207,-0.9977541688830328,0.007033219628857421,-0.001088467943714696,0.0003611614723687472
call,75.0,2024-12-11,0.0027467338914256723,0.0,0.02,22,2059,0.431262,0.0022458311169671397,0.007033219628857421,-0.001088467943714696,0.0003611614723687472
put,76.0,2024-12-11,0.0027408992897006595,2.73,4.8,0,0,1.055636,-0.9998875109796946,0.0004863663229426077,-4.764020563364075e-5,4.565963800457954e-5
call,76.0,2024-12-11,0.002740043125317098,0.0,0.15,6,134,0.884442,0.00011248902030531227,0.0004863663229426077,-4.764020563364075e-5,4.565963800457954e-5
put,77.0,2024-12-11,0.0027404870624048706,4.3,5.95,0,0,1.380194,-0.9999939537158874,3.139385358522142e-5,-2.4122016901801677e-6,2.150353648830743e-5
call,77.0,2024-12-11,0.002740043125317098,0.0,0.05,115,38,0.691636,6.046284112650265e-6,3.139385358522142e-5,-2.4122016901801677e-6,2.150353648830743e-5
put,78.0,2024-12-11,0.0027408992897006595,6.35,6.85,0,0,1.413242,-0.9999998462094906,9.78805732830245e-7,-5.810674065524067e-8,2.004656255790559e-5
call,78.0,2024-12-11,0.002739884576357179,0.0,0.2,62,9,0.792471,1.5379050946396335e-7,9.78805732830245e-7,-5.810674065524067e-8,2.004656255790559e-5
put,79.0,2024-12-11,0.0027398211567732115,6.6,9.5,0,0,2.419649,-0.9999999988873532,9.097836331974206e-9,-4.0190418969177894e-10,2.0000406371788777e-5
call,79.0,2024-12-11,0.003341577879249112,0.0,0.01,0,5,NaN,NaN,NaN,NaN,NaN
put,80.0,2024-12-11,0.0027408992897006595,6.65,9.2,0,3,2.109009,-0.9999999999896159,9.960501931621555e-11,-3.701868123281344e-12,2.000000627603748e-5
call,80.0,2024-12-11,0.0027396943176052767,0.0,0.04,0,2,0.899024,1.0384145465867072e-11,9.960501931621555e-11,-3.701868123281344e-12,2.000000627603748e-5
put,81.0,2024-12-11,0.0027407724505327247,7.5,9.75,0,0,1.663922,-0.9999999999999712,3.3470727287675746e-13,-1.023475546095707e-14,2.000000002580633e-5
call,81.0,2024-12-11,0.002740043125317098,0.0,0.04,0,1,1.190072,2.873054230108434e-14,3.3470727287675746e-13,-1.023475546095707e-14,2.000000002580633e-5
put,82.0,2024-12-11,0.0027408992897006595,9.4,10.85,0,0,2.222321,-1.0,4.682290630749255e-16,-1.2001035287225605e-17,2.000000000003081e-5
call,82.0,2024-12-11,0.002740043125317098,0.0,0.03,20,1,1.232189,3.3122136884065626e-17,4.682290630749255e-16,-1.2001035287225605e-17,2.000000000003081e-5
put,83.0,2024-12-11,0.002740011415525114,10.7,12.45,0,0,2.811706,-1.0,9.604528552723543e-20,-2.0313348997619408e-21,2.0000000000000005e-5
call,83.0,2024-12-11,0.002740043125317098,0.0,0.03,0,0,1.323165,5.361013653756588e-21,9.604528552723543e-20,-2.0313348997619408e-21,2.0000000000000005e-5
put,84.0,2024-12-11,0.002739852866565195,10.9,13.9,0,0,2.19687,-1.0,9.186800646573025e-25,-1.5867234288638323e-26,2.0e-5
call,84.0,2024-12-11,0.002740043125317098,0.0,0.21,0,0,2.019503,3.823949011576302e-26,9.186800646573025e-25,-1.5867234288638323e-26,2.0e-5
put,85.0,2024-12-11,0.0027408992897006595,11.9,14.45,0,0,3.196051,-1.0,4.065910474767336e-31,-6.1376251008846834e-33,2.0e-5
call,85.0,2024-12-11,0.002740043125317098,0.0,0.23,0,0,2.130509,1.340481643728532e-32,4.065910474767336e-31,-6.1376251008846834e-33,2.0e-5
call,86.0,2024-12-11,0.002740043125317098,0.0,0.03,0,0,1.587902,0.0,0.0,0.0,2.0e-5
put,86.0,2024-12-11,0.0027403919330289193,13.45,15.5,0,0,3.437665,-1.0,0.0,0.0,2.0e-5
put,87.0,2024-12-11,0.0027404870624048706,15.4,16.65,50,0,2.232348,-1.0,0.0,0.0,2.0e-5
call,87.0,2024-12-11,0.002740043125317098,0.0,0.03,0,0,1.67151,0.0,0.0,0.0,2.0e-5
put,50.0,2024-12-13,0.008220065956367326,0.0,0.22,0,0,2.302507,-7.1918248301e-5,-4.720503967742079e-14,0.0,2.0000000939603774e-5
call,50.0,2024-12-13,0.008220065956367326,20.1,22.7,0,0,4.046437,0.999928081751699,-4.720503967742079e-14,0.0,2.0000000939603774e-5
put,55.0,2024-12-13,0.008219400050735667,0.0,0.22,0,37,1.77828,-7.1918248316e-5,5.0982216755600554e-14,-1.0706271773975741e-22,1.999999871095566e-5
call,55.0,2024-12-13,0.00822035134449518,14.9,18.5,0,3,3.327829,0.999928081751684,5.0982216755600554e-14,-1.0706271773975741e-22,1.999999871095566e-5
put,60.0,2024-12-13,0.008219400050735667,0.0,0.22,0,15,1.283784,-7.19184709473e-5,5.264942887737818e-10,-5.7772961051199353e-11,2.0000081843946044e-5
call,60.0,2024-12-13,0.008220065956367326,10.15,13.35,0,0,2.51751,0.9999280815290527,5.264942887737818e-10,-5.7772961051199353e-11,2.0000081843946044e-5
put,61.0,2024-12-13,0.00821943176052765,0.0,0.34,0,0,1.31913,-7.19224469867e-5,9.588070927493631e-9,-1.1462112461906671e-9,2.000163645129276e-5
call,61.0,2024-12-13,0.008219875697615424,8.55,12.55,0,0,2.426681,0.9999280775530133,9.588070927493631e-9,-1.1462112461906671e-9,2.000163645129276e-5
put,62.0,2024-12-13,0.008219495180111619,0.0,0.03,0,2,0.752912,-7.31890267096e-5,2.3432753494370287e-6,-4.689701880216044e-7,2.033787269064774e-5
call,62.0,2024-12-13,0.00822035134449518,8.15,10.95,0,0,2.006804,0.9999268109732904,2.3432753494370287e-6,-4.689701880216044e-7,2.033787269064774e-5
put,63.0,2024-12-13,0.008219495180111619,0.0,0.03,0,1,0.679075,-8.35261405255e-5,2.0095231059331763e-5,-4.6455481101406685e-6,2.3464712799616963e-5
call,63.0,2024-12-13,0.008220065956367326,6.55,10.55,0,0,2.003189,0.9999164738594745,2.0095231059331763e-5,-4.6455481101406685e-6,2.3464712799616963e-5
put,64.0,2024-12-13,0.008220065956367326,0.0,0.04,0,0,0.634345,-0.0001637602578659,0.0001469941489455747,-4.0512111950106684e-5,3.843307106086391e-5
call,64.0,2024-12-13,0.008219717148655504,6.6,9.3,0,2,1.781509,0.9998362397421341,0.0001469941489455747,-4.0512111950106684e-5,3.843307106086391e-5
put,65.0,2024-12-13,0.008531773211567732,0.0,0.02,7,541,NaN,NaN,NaN,NaN,NaN
call,65.0,2024-12-13,0.008220065956367326,5.5,8.5,0,3,1.833486,0.9993059731793855,0.0008998795424400287,-0.00030983380213853775,0.0001356685734778475
call,65.5,2024-12-13,0.008219273211567733,5.1,7.2,0,0,1.640522,0.9986726458002015,0.0017613227316932926,-0.0006465199994425263,0.0002418578202149282
put,65.5,2024-12-13,0.008219209791983765,0.0,0.05,0,11,0.54194,-0.0013273541997985,0.0017613227316932926,-0.0006465199994425263,0.0002418578202149282
put,66.0,2024-12-13,0.008219558599695587,0.0,0.23,5,25,0.460019,-0.005073180336042,0.005895639335422737,-0.0031589861402252627,0.0009484455297516153
call,66.0,2024-12-13,0.008219304921359716,4.45,5.95,0,10,0.877233,0.994926819663958,0.005895639335422737,-0.0031589861402252627,0.0009484455297516153
call,66.5,2024-12-13,0.00822035134449518,4.3,6.35,0,0,1.375843,0.9865521056944163,0.013557662680524088,-0.009986749690933256,0.001966929736532384
put,66.5,2024-12-13,0.008219558599695587,0.01,0.05,0,50,0.405539,-0.0134478943055837,0.013557662680524088,-0.009986749690933256,0.001966929736532384
call,67.0,2024-12-13,0.008219717148655504,4.1,5.2,0,12,0.908071,0.9758995054593471,0.02248758328269193,-0.019459891020206767,0.0037057141338931133
put,67.0,2024-12-13,0.008219558599695587,0.01,0.24,3,275,0.630753,-0.0241004945406529,0.02248758328269193,-0.019459891020206767,0.0037057141338931133
call,67.5,2024-12-13,0.008219304921359716,2.91,4.15,0,14,0.496904,0.9649126311036956,0.03202703223578201,-0.02879991572303232,0.004509027092317421
put,67.5,2024-12-13,0.008219209791983765,0.03,0.07,6,145,0.381882,-0.0350873688963044,0.03202703223578201,-0.02879991572303232,0.004509027092317421
put,68.0,2024-12-13,0.008219558599695587,0.04,0.09,7,360,0.357811,-0.0515854446025563,0.045537228786506165,-0.04217824556621674,0.006425669787076033
call,68.0,2024-12-13,0.008219400050735667,2.9,3.9,10,10,0.619844,0.9484145553974437,0.045537228786506165,-0.04217824556621674,0.006425669787076033
call,68.5,2024-12-13,0.00821943176052765,2.39,3.45,0,4,0.642025,0.9237136775413919,0.06415224273196746,-0.053640494924502305,0.008798627633103344
put,68.5,2024-12-13,0.008219209791983765,0.06,0.11,4,262,0.336696,-0.0762863224586081,0.06415224273196746,-0.053640494924502305,0.008798627633103344
put,69.0,2024-12-13,0.008219558599695587,0.09,0.11,25,796,0.30393,-0.111080136319867,0.08816609172464747,-0.0670901441013089,0.011575290777233894
call,69.0,2024-12-13,0.008219495180111619,2.27,2.72,0,5,0.274013,0.888919863680133,0.08816609172464747,-0.0670901441013089,0.011575290777233894
call,69.5,2024-12-13,0.008219209791983765,1.83,2.55,0,2,0.345095,0.8417497071628388,0.11759422430951982,-0.08151167021746619,0.014632115828956925
put,69.5,2024-12-13,0.008219209791983765,0.15,0.17,98,432,0.298661,-0.1582502928371612,0.11759422430951982,-0.08151167021746619,0.014632115828956925
put,70.0,2024-12-13,0.008219209791983765,0.07,0.28,128,558,0.299666,-0.2248355387345977,0.15068361803386876,-0.09826568288098392,0.01924978833909536
call,70.0,2024-12-13,0.008219304921359716,1.62,1.92,4,405,0.353142,0.7751644612654023,0.15068361803386876,-0.09826568288098392,0.01924978833909536
put,70.5,2024-12-13,0.008219241501775748,0.31,0.42,70,494,0.277334,-0.3104761427159991,0.18093524317574047,-0.1147473127305767,0.02204451582747595
call,70.5,2024-12-13,0.008219209791983765,1.08,1.56,1,385,0.349306,0.6895238572840009,0.18093524317574047,-0.1147473127305767,0.02204451582747595
put,71.0,2024-12-13,0.008219209791983765,0.53,0.6,86,156,0.295262,-0.4094625008609413,0.20091741314699618,-0.12705474289259963,0.024995748187218933
call,71.0,2024-12-13,0.008219209791983765,0.97,1.1,14,559,0.304969,0.5905374991390587,0.20091741314699618,-0.12705474289259963,0.024995748187218933
put,71.5,2024-12-13,0.008219209791983765,0.58,0.85,46,135,0.296924,-0.5129458374949517,0.20708140928029484,-0.1322889487315745,0.025917491779502467
call,71.5,2024-12-13,0.008219209791983765,0.71,0.99,72,229,0.302525,0.4870541625050483,0.20708140928029484,-0.1322889487315745,0.025917491779502467
put,72.0,2024-12-13,0.008219812278031455,1.08,1.62,64,568,0.394504,-0.6130686755776992,0.19916280219705712,-0.12902004674420145,0.025316926823917462
call,72.0,2024-12-13,0.008219209791983765,0.5,0.57,148,952,0.305571,0.3869313244223008,0.19916280219705712,-0.12902004674420145,0.025316926823917462
call,72.5,2024-12-13,0.008219209791983765,0.34,0.4,135,235,0.304078,0.29593054438323035,0.1802532261751099,-0.11848396842975525,0.022613319958937318
put,72.5,2024-12-13,0.008219241501775748,1.2,1.68,30,114,0.297148,-0.7040694556167697,0.1802532261751099,-0.11848396842975525,0.022613319958937318
put,73.0,2024-12-13,0.008219304921359716,1.48,2.0,23,157,0.259758,-0.7816121713354208,0.153848314477579,-0.10286846323734876,0.0199938754585989
call,73.0,2024-12-13,0.008219209791983765,0.22,0.27,232,459,0.305833,0.21838782866457918,0.153848314477579,-0.10286846323734876,0.0199938754585989
call,73.5,2024-12-13,0.008219209791983765,0.14,0.18,104,210,0.308058,0.1559642005380728,0.12463293395115103,-0.08527672897350347,0.016983216401809737
put,73.5,2024-12-13,0.008219685438863521,2.07,2.49,11,31,0.320624,-0.8440357994619272,0.12463293395115103,-0.08527672897350347,0.016983216401809737
put,74.0,2024-12-13,0.0082193366311517,2.49,2.81,2,122,0.358651,-0.890799527527898,0.09663027461873107,-0.06836121229565788,0.012300890495204955
call,74.0,2024-12-13,0.008219209791983765,0.09,0.12,359,395,0.31367,0.10920047247210196,0.09663027461873107,-0.06836121229565788,0.012300890495204955
call,74.5,2024-12-13,0.008219241501775748,0.04,0.08,74,342,0.310689,0.07602707544569363,0.07272053793366337,-0.05382785870972836,0.009448382941379525
put,74.5,2024-12-13,0.008220065956367326,2.83,4.05,0,25,0.845423,-0.9239729245543064,0.07272053793366337,-0.05382785870972836,0.009448382941379525
put,75.0,2024-12-13,0.00821943176052765,3.45,4.9,0,13,0.530837,-0.9480610113586422,0.05328349154070321,-0.04111835667580545,0.00697002350532118
call,75.0,2024-12-13,0.008219209791983765,0.02,0.05,19,278,0.312833,0.05193898864135781,0.05328349154070321,-0.04111835667580545,0.00697002350532118
call,75.5,2024-12-13,0.008219400050735667,0.01,0.12,1,82,0.391074,0.03627427748075198,0.03892460198193944,-0.03174148816710902,0.005900981558322905
put,75.5,2024-12-13,0.008219526889903602,2.84,5.2,0,0,1.032839,-0.963725722519248,0.03892460198193944,-0.03174148816710902,0.005900981558322905
put,76.0,2024-12-13,0.00822035134449518,3.95,4.95,1,1,0.71616,-0.9761879275369997,0.027202353540541402,-0.02227943962005811,0.004094914725177421
call,76.0,2024-12-13,0.008219875697615424,0.01,0.07,5,121,0.37212,0.023812072463000315,0.027202353540541402,-0.02227943962005811,0.004094914725177421
call,76.5,2024-12-13,0.008219495180111619,0.0,0.05,0,77,0.432111,0.009643036224738671,0.013625688271515729,-0.007802754156318601,0.0017451430540750663
put,76.5,2024-12-13,0.00822035134449518,3.1,5.75,0,0,0.930253,-0.9903569637752613,0.013625688271515729,-0.007802754156318601,0.0017451430540750663
put,77.0,2024-12-13,0.008219304921359716,3.9,6.55,0,0,1.155558,-0.9947492687303935,0.008024252704431526,-0.004047471844069337,0.0010755223650821112
call,77.0,2024-12-13,0.008219241501775748,0.0,0.23,4,183,0.425573,0.005250731269606513,0.008024252704431526,-0.004047471844069337,0.0010755223650821112
call,77.5,2024-12-13,0.008219463470319635,0.0,0.23,0,44,0.6997,0.001982688440946303,0.0035211303147374765,-0.001387123689392738,0.0004888625547093507
put,77.5,2024-12-13,0.008219685438863521,4.25,6.9,0,0,1.109371,-0.9980173115590537,0.0035211303147374765,-0.001387123689392738,0.0004888625547093507
put,78.0,2024-12-13,0.008220065956367326,4.7,7.65,0,0,1.283878,-0.998586943051125,0.002481807400100039,-0.0010003624780091664,0.0003675729985498058
call,78.0,2024-12-13,0.008219495180111619,0.0,0.23,0,39,0.486424,0.0014130569488749974,0.002481807400100039,-0.0010003624780091664,0.0003675729985498058
call,78.5,2024-12-13,0.008219495180111619,0.0,0.23,0,2,0.778194,0.00043287046878285354,0.0008845715069839982,-0.00027853237268940257,0.00015601020329918393
put,78.5,2024-12-13,0.00821959030948757,5.0,7.95,0,0,1.233543,-0.9995671295312172,0.0008845715069839982,-0.00027853237268940257,0.00015601020329918393
put,79.0,2024-12-13,0.008219907407407407,5.5,8.6,0,0,1.36075,-0.9997760506159796,0.00047520196157180554,-0.00014114446106631203,8.851745377921615e-5
call,79.0,2024-12-13,0.008219463470319635,0.0,0.13,0,11,0.713353,0.00022394938402035271,0.00047520196157180554,-0.00014114446106631203,8.851745377921615e-5
call,79.5,2024-12-13,0.008219495180111619,0.0,0.22,1,4,0.845076,7.395297400149067e-5,0.0001733949599417368,-4.392606021783706e-5,4.219688764879723e-5
put,79.5,2024-12-13,0.008219907407407407,6.0,9.6,0,0,1.654995,-0.9999260470259985,0.0001733949599417368,-4.392606021783706e-5,4.219688764879723e-5
call,80.0,2024-12-13,0.00865414129883308,0.0,0.01,5,261,NaN,NaN,NaN,NaN,NaN
put,80.0,2024-12-13,0.008220065956367326,6.55,9.9,0,0,1.608153,-0.9999268144677536,0.00016067478610255358,-4.538936122544933e-5,4.221999050840967e-5
put,81.0,2024-12-13,0.008220256215119228,7.6,10.9,0,0,1.755365,-0.9999904739453812,2.4052266689037894e-5,-5.447647460236115e-6,2.4275018550115244e-5
call,81.0,2024-12-13,0.008219495180111619,0.0,0.03,0,27,0.65894,9.526054618788765e-6,2.4052266689037894e-5,-5.447647460236115e-6,2.4275018550115244e-5
put,82.0,2024-12-13,0.008219526889903602,8.6,12.6,0,0,1.900831,-0.9999995134966103,1.4962670337581802e-6,-2.496120384164154e-7,2.02503866975825e-5
call,82.0,2024-12-13,0.008219495180111619,0.0,0.23,0,0,1.033715,4.865033896780277e-7,1.4962670337581802e-6,-2.496120384164154e-7,2.02503866975825e-5
put,83.0,2024-12-13,0.008220065956367326,9.75,13.5,0,0,1.992191,-0.9999999497894738,1.6921424034757467e-7,-2.4619641016873273e-8,2.0029303809812303e-5
call,83.0,2024-12-13,0.008219495180111619,0.0,0.22,0,0,1.09129,5.021052620932189e-8,1.6921424034757467e-7,-2.4619641016873273e-8,2.0029303809812303e-5
put,85.0,2024-12-13,0.008220065956367326,12.3,14.6,0,0,2.144513,-0.9999999996884669,1.2423457497213332e-9,-1.4140153454791264e-10,2.0000207146397113e-5
call,85.0,2024-12-13,0.008219495180111619,0.0,0.22,0,16,1.221039,3.115331202348563e-10,1.2423457497213332e-9,-1.4140153454791264e-10,2.0000207146397113e-5
put,90.0,2024-12-13,0.00821984398782344,16.55,20.1,0,0,2.574989,-1.0,1.2576550424056486e-16,-8.715215482033441e-18,2.0000000000027107e-5
call,90.0,2024-12-13,0.008219495180111619,0.0,0.22,0,13,1.523435,2.1939142874813623e-17,1.2576550424056486e-16,-8.715215482033441e-18,2.0000000000027107e-5
put,95.0,2024-12-13,0.008220065956367326,21.55,25.05,0,0,2.907556,-1.0,9.488191189957626e-27,-4.621403247077898e-28,2.0e-5
call,95.0,2024-12-13,0.008219495180111619,0.0,0.21,0,6,1.796158,1.2441149671147566e-27,9.488191189957626e-27,-4.621403247077898e-28,2.0e-5
put,100.0,2024-12-13,0.008219304921359716,26.5,30.95,0,0,3.476563,-1.0,0.0,0.0,2.0e-5
call,100.0,2024-12-13,0.008219400050735667,0.0,0.03,0,31,1.533397,0.0,0.0,0.0,2.0e-5
put,105.0,2024-12-13,0.008219495180111619,31.5,35.5,0,0,3.81901,-1.0,0.0,0.0,2.0e-5
call,105.0,2024-12-13,0.008219495180111619,0.0,0.21,0,119,2.281699,0.0,0.0,0.0,2.0e-5
put,56.0,2024-12-18,0.021918157026889904,0.0,0.32,0,0,1.117911,-0.0001814494719958,8.487382431642172e-8,-3.324852059628938e-8,2.003400151611095e-5
call,56.0,2024-12-18,0.02191869609335363,14.15,17.55,0,0,1.938281,0.9998185505280042,8.487382431642172e-8,-3.324852059628938e-8,2.003400151611095e-5
put,57.0,2024-12-18,0.02191869609335363,0.0,0.32,0,0,1.052635,-0.0001817999807964,5.44962632539678e-7,-2.3733037201110933e-7,2.0183136267365657e-5
call,57.0,2024-12-18,0.02191869609335363,13.0,16.55,0,0,1.845761,0.9998182000192036,5.44962632539678e-7,-2.3733037201110933e-7,2.0183136267365657e-5
put,58.0,2024-12-18,0.021917998477929985,0.0,0.26,0,0,0.714735,-0.0001916559588497,1.147115560632434e-5,-7.262781019885728e-6,2.5278447071203873e-5
call,58.0,2024-12-18,0.021918157026889904,12.05,15.6,0,0,1.640944,0.9998083440411503,1.147115560632434e-5,-7.262781019885728e-6,2.5278447071203873e-5
put,59.0,2024-12-18,0.02191869609335363,0.0,0.26,0,0,0.664281,-0.0002205335563803,4.167236567605231e-5,-2.9223328965921935e-5,3.918465671844333e-5
call,59.0,2024-12-18,0.02191869609335363,11.65,14.3,0,0,1.627434,0.9997794664436197,4.167236567605231e-5,-2.9223328965921935e-5,3.918465671844333e-5
put,60.0,2024-12-18,0.02191822044647387,0.0,0.33,0,0,0.630996,-0.0003400636698406,0.00015726215675821516,-0.00012822991491426023,8.091725372478234e-5
call,60.0,2024-12-18,0.021917808219178082,9.65,13.6,0,0,1.39171,0.9996599363301594,0.00015726215675821516,-0.00012822991491426023,8.091725372478234e-5
put,61.0,2024-12-18,0.02191869609335363,0.0,0.37,0,0,0.580365,-0.0008830773342666,0.0006225103132663259,-0.0006405105761016586,0.0002670674439628159
call,61.0,2024-12-18,0.021918600963977675,9.55,10.9,0,0,0.962558,0.9991169226657334,0.0006225103132663259,-0.0006405105761016586,0.0002670674439628159
put,62.0,2024-12-18,0.021917839928970066,0.01,0.26,10,0,0.516307,-0.0017205888246227,0.001328476544278484,-0.0014404423539674776,0.00048667467286308495
call,62.0,2024-12-18,0.021918854642313548,8.15,10.75,0,0,1.256437,0.9982794111753773,0.001328476544278484,-0.0014404423539674776,0.00048667467286308495
put,63.0,2024-12-18,0.02191869609335363,0.01,0.25,1,1,0.49523,-0.0057036386291281,0.0041228483811536635,-0.006021467721613808,0.0014758038348432448
call,63.0,2024-12-18,0.021917903348554032,7.2,9.7,0,0,1.220893,0.9942963613708719,0.0041228483811536635,-0.006021467721613808,0.0014758038348432448
put,64.0,2024-12-18,0.021918569254185692,0.01,0.27,3,20,0.63132,-0.0167116921965307,0.010428834604959991,-0.015425373334756342,0.003849909691978658
call,64.0,2024-12-18,0.021918600963977675,6.2,8.8,0,0,1.240312,0.9832883078034693,0.010428834604959991,-0.015425373334756342,0.003849909691978658
call,65.0,2024-12-18,0.021917839928970066,5.75,7.7,0,0,0.870956,0.9690883403879037,0.018054484063981146,-0.021516706977055624,0.007116233125019776
put,65.0,2024-12-18,0.021918442415017756,0.02,0.3,1,7,0.488804,-0.0309116596120963,0.018054484063981146,-0.021516706977055624,0.007116233125019776
put,66.0,2024-12-18,0.021917808219178082,0.0,0.1,0,6,0.348331,-0.0458616195703538,0.02691011231574039,-0.025907440458716676,0.010182870235282991
call,66.0,2024-12-18,0.02191869609335363,5.1,6.8,0,0,0.525916,0.9541383804296462,0.02691011231574039,-0.025907440458716676,0.010182870235282991
put,67.0,2024-12-18,0.021917808219178082,0.04,0.33,40,42,0.35071,-0.0849131671420359,0.043997394627043857,-0.03806748755266221,0.016149923902816474
call,67.0,2024-12-18,0.02191787163876205,3.4,5.3,0,0,0.613375,0.9150868328579641,0.043997394627043857,-0.03806748755266221,0.016149923902816474
put,68.0,2024-12-18,0.021918442415017756,0.01,0.22,11,24,0.306651,-0.128374285355784,0.06390829114845026,-0.04637914194845253,0.020931873497642785
call,68.0,2024-12-18,0.021917839928970066,3.45,4.75,0,0,0.496456,0.871625714644216,0.06390829114845026,-0.04637914194845253,0.020931873497642785
put,69.0,2024-12-18,0.02191787163876205,0.11,0.35,37,32,0.279291,-0.1996012221872404,0.09008751951850774,-0.05734397644641493,0.028556896586523474
call,69.0,2024-12-18,0.021917903348554032,2.48,3.8,2,0,0.401895,0.8003987778127596,0.09008751951850774,-0.05734397644641493,0.028556896586523474
put,70.0,2024-12-18,0.021917839928970066,0.32,0.61,1,15,0.273666,-0.2985570737330584,0.11884229281937225,-0.06648357102412635,0.035627659432517875
call,70.0,2024-12-18,0.021917839928970066,1.67,2.24,0,29,0.256516,0.7014429262669416,0.11884229281937225,-0.06648357102412635,0.035627659432517875
put,71.0,2024-12-18,0.021917839928970066,0.67,1.03,35,6,0.275029,-0.4281219225400816,0.14087231539969475,-0.0719687555385494,0.041515667917202084
call,71.0,2024-12-18,0.02191793505834602,1.31,1.63,102,163,0.293022,0.5718780774599184,0.14087231539969475,-0.0719687555385494,0.041515667917202084
put,72.0,2024-12-18,0.02191787163876205,0.01,1.76,4,17,0.297107,-0.5726081029845902,0.14511664023360182,-0.07061990920039234,0.04213015162315545
call,72.0,2024-12-18,0.021917839928970066,0.82,0.95,177,278,0.266426,0.4273918970154098,0.14511664023360182,-0.07061990920039234,0.04213015162315545
put,73.0,2024-12-18,0.021918157026889904,1.78,2.32,0,1,0.255759,-0.7069622349011206,0.12868563681711184,-0.06199252155179813,0.0372038036121944
call,73.0,2024-12-18,0.021917966768138,0.29,0.55,18,145,0.263254,0.29303776509887935,0.12868563681711184,-0.06199252155179813,0.0372038036121944
put,74.0,2024-12-18,0.021918093607305938,2.41,3.15,0,0,0.229695,-0.8143305092969656,0.100391260203086,-0.048939321739315055,0.02800065150540917
call,74.0,2024-12-18,0.021917839928970066,0.21,0.33,33,137,0.257686,0.1856694907030344,0.100391260203086,-0.048939321739315055,0.02800065150540917
put,75.0,2024-12-18,0.021918505834601726,2.79,5.0,1,3,0.433261,-0.8898175522333699,0.07033728733977436,-0.03506946210852648,0.0204372408878377
call,75.0,2024-12-18,0.02191793505834602,0.0,0.32,63,9,0.308764,0.1101824477666301,0.07033728733977436,-0.03506946210852648,0.0204372408878377
put,76.0,2024-12-18,0.021918157026889904,3.35,6.55,0,1,0.783118,-0.9388251371583638,0.044995490032922546,-0.02294787703534175,0.0136048387338708
call,76.0,2024-12-18,0.021917966768138,0.0,0.15,126,32,0.2964,0.06117486284163623,0.044995490032922546,-0.02294787703534175,0.0136048387338708
put,77.0,2024-12-18,0.021917839928970066,4.55,6.4,0,0,0.609159,-0.9678070100841236,0.026663003768353274,-0.013983144187777425,0.008278928055006528
call,77.0,2024-12-18,0.02191812531709792,0.02,0.1,0,8,0.287933,0.03219298991587636,0.026663003768353274,-0.013983144187777425,0.008278928055006528
call,78.0,2024-12-18,0.02191812531709792,0.01,0.31,0,6,0.490919,0.012267997299462154,0.012335787568481093,-0.006048446869193113,0.0036983231813383865
put,78.0,2024-12-18,0.02191869609335363,6.15,7.3,0,0,0.686184,-0.9877320027005378,0.012335787568481093,-0.006048446869193113,0.0036983231813383865
put,79.0,2024-12-18,0.021918410705225773,6.4,8.75,0,0,0.594206,-0.9947646181078628,0.005840214154797697,-0.0029025321209222837,0.0018109509349576024
call,79.0,2024-12-18,0.02191812531709792,0.0,0.25,2,7,0.509582,0.005235381892137205,0.005840214154797697,-0.0029025321209222837,0.0018109509349576024
put,80.0,2024-12-18,0.02191869609335363,7.65,9.25,0,0,0.783593,-0.9974639100988157,0.002974003897834124,-0.0015668333351264321,0.001074474913107249
call,80.0,2024-12-18,0.02191812531709792,0.0,0.09,5,0,0.375609,0.0025360899011843,0.002974003897834124,-0.0015668333351264321,0.001074474913107249
put,81.0,2024-12-18,0.02191853754439371,8.3,10.9,0,0,0.738375,-0.9993371330429606,0.0009109005775239573,-0.00045275641772886497,0.00034022712524020554
call,81.0,2024-12-18,0.02191812531709792,0.0,0.53,0,0,0.617949,0.0006628669570394093,0.0009109005775239573,-0.00045275641772886497,0.00034022712524020554
put,82.0,2024-12-18,0.02191869609335363,9.3,11.9,0,0,1.048076,-0.9998070046976987,0.00029398466060372717,-0.00014453803160434397,0.00010129334136001543
call,82.0,2024-12-18,0.02191869609335363,0.0,0.54,0,0,0.695512,0.00019299530230129422,0.00029398466060372717,-0.00014453803160434397,0.00010129334136001543
put,83.0,2024-12-18,0.02191869609335363,9.5,12.25,0,0,0.940683,-0.9999508816032544,8.260682131542131e-5,-3.6776054240782305e-5,4.630495356025611e-5
call,83.0,2024-12-18,0.02191812531709792,0.0,0.68,0,0,0.898652,4.91183967456203e-5,8.260682131542131e-5,-3.6776054240782305e-5,4.630495356025611e-5
put,84.0,2024-12-18,0.02191898148148148,10.5,13.4,0,0,1.047832,-0.9999861110715688,2.4999856547947342e-5,-9.95552685189072e-6,2.7416142821518348e-5
call,84.0,2024-12-18,0.02191793505834602,0.0,0.48,0,0,0.856732,1.3888928431206623e-5,2.4999856547947342e-5,-9.95552685189072e-6,2.7416142821518348e-5
put,85.0,2024-12-18,0.02191869609335363,11.5,14.9,0,0,1.339666,-0.9999974560262865,5.062707978994381e-6,-1.709210147924013e-6,2.1661715280281173e-5
call,85.0,2024-12-18,0.02191812531709792,0.0,0.88,0,0,1.076021,2.54397371349259e-6,5.062707978994381e-6,-1.709210147924013e-6,2.1661715280281173e-5
put,35.0,2024-12-20,0.027397228564180618,0.0,0.01,0,261,1.555968,-7.0e-16,7.880507164925334e-15,-1.3838143473700828e-31,2.0000002205998444e-5
call,35.0,2024-12-20,0.027397609081684423,34.55,38.55,0,54,3.850628,0.9999999999999993,7.880507164925334e-15,-1.3838143473700828e-31,2.0000002205998444e-5
put,40.0,2024-12-20,0.027398148148148147,0.0,0.04,0,208,1.492457,-4.2e-15,-2.327426076895918e-16,-4.65331775180063e-19,2.0000002754477275e-5
call,40.0,2024-12-20,0.02739757737189244,29.55,33.55,0,10,3.2092,0.9999999999999958,-2.327426076895918e-16,-4.65331775180063e-19,2.0000002754477275e-5
put,45.0,2024-12-20,0.027397355403348554,0.0,0.22,0,799,1.120008,-1.00516e-11,1.1552713786627277e-11,-7.0240611641467204e-12,2.0000005480366478e-5
call,45.0,2024-12-20,0.0273972602739726,26.05,26.9,0,42,1.784117,0.9999999999899484,1.1552713786627277e-11,-7.0240611641467204e-12,2.0000005480366478e-5
put,50.0,2024-12-20,0.02739757737189244,0.0,0.2,0,1589,1.242029,-8.3112923e-9,9.109106888389094e-9,-6.119256126059679e-9,2.0006395953672788e-5
call,50.0,2024-12-20,0.027397513952308473,21.05,22.2,0,32,1.785967,0.9999999916887077,9.109106888389094e-9,-6.119256126059679e-9,2.0006395953672788e-5
put,55.0,2024-12-20,0.027397767630644342,0.0,0.02,1,1421,0.618978,-4.44740768234e-5,3.4912930895141204e-5,-4.773318016091148e-5,4.053658872167499e-5
call,55.0,2024-12-20,0.027398148148148147,15.65,18.5,0,20,1.810189,0.9999555259231766,3.4912930895141204e-5,-4.773318016091148e-5,4.053658872167499e-5
put,60.0,2024-12-20,0.027398053018772198,0.02,0.04,28,8328,0.482767,-0.0063161756296598,0.0033255052893785345,-0.010230926054491623,0.00206738471618062
call,60.0,2024-12-20,0.027397450532724504,10.4,12.0,3,135,0.84023,0.9936838243703402,0.0033255052893785345,-0.010230926054491623,0.00206738471618062
put,61.0,2024-12-20,0.027397355403348554,0.01,0.05,13,8110,0.733809,-0.0111223685840722,0.005550884262061132,-0.014808434761248117,0.0033494170732232507
call,61.0,2024-12-20,0.027398053018772198,9.2,11.85,0,0,1.111846,0.9888776314159278,0.005550884262061132,-0.014808434761248117,0.0033494170732232507
put,62.0,2024-12-20,0.027397609081684423,0.01,0.16,1,6229,0.512943,-0.0174073832561987,0.00842084211835927,-0.017967613635061705,0.005206729127502144
call,62.0,2024-12-20,0.02739741882293252,8.25,10.85,0,1,1.131934,0.9825926167438013,0.00842084211835927,-0.017967613635061705,0.005206729127502144
put,63.0,2024-12-20,0.02739757737189244,0.04,0.07,32,6735,0.408739,-0.0284737724641259,0.012998695765986468,-0.023056521606925357,0.007780962963113092
call,63.0,2024-12-20,0.027398053018772198,7.4,9.85,0,1,0.979849,0.9715262275358741,0.012998695765986468,-0.023056521606925357,0.007780962963113092
call,64.0,2024-12-20,0.027397989599188228,6.25,8.85,3,3,0.477019,0.9581071199366086,0.01855698779874928,-0.028088413333619236,0.011152128471317281
put,64.0,2024-12-20,0.027398053018772198,0.05,0.09,7,598,0.382794,-0.0418928800633914,0.01855698779874928,-0.028088413333619236,0.011152128471317281
put,65.0,2024-12-20,0.02739732369355657,0.07,0.11,124,7418,0.354239,-0.0627846396383908,0.02643022105444117,-0.03502403466197149,0.013213411288941393
call,65.0,2024-12-20,0.027398148148148147,6.1,7.3,3,123,0.497964,0.9372153603616092,0.02643022105444117,-0.03502403466197149,0.013213411288941393
call,65.5,2024-12-20,0.027398116438356164,5.7,6.9,0,0,0.691528,0.9254633416611019,0.030929403616065294,-0.03813737690083241,0.015436918523595654
put,65.5,2024-12-20,0.02739764079147641,0.08,0.12,0,21,0.339523,-0.0745366583388981,0.030929403616065294,-0.03813737690083241,0.015436918523595654
put,66.0,2024-12-20,0.0273972602739726,0.1,0.14,25,1862,0.329699,-0.0872544368322659,0.03593130170348978,-0.04090067492000411,0.017822008626116527
call,66.0,2024-12-20,0.027397450532724504,5.1,6.25,0,221,0.440606,0.9127455631677341,0.03593130170348978,-0.04090067492000411,0.017822008626116527
call,66.5,2024-12-20,0.02739757737189244,4.7,5.75,0,0,0.561801,0.896792400077956,0.04181087747439972,-0.044277924657674814,0.020402557736953857
put,66.5,2024-12-20,0.02739732369355657,0.13,0.16,0,0,0.31944,-0.103207599922044,0.04181087747439972,-0.044277924657674814,0.020402557736953857
put,67.0,2024-12-20,0.02739732369355657,0.16,0.2,33,1139,0.311514,-0.1210211982945676,0.04842199986673508,-0.04734923876787547,0.02309801729462406
call,67.0,2024-12-20,0.027397387113140537,4.55,5.75,0,1551,0.509152,0.8789788017054324,0.04842199986673508,-0.04734923876787547,0.02309801729462406
call,67.5,2024-12-20,0.02739741882293252,4.1,5.05,0,0,0.369223,0.8587978819224227,0.055931244492384034,-0.050212524555502694,0.025908649292237674
put,67.5,2024-12-20,0.027397291983764588,0.21,0.24,6,288,0.304334,-0.1412021180775773,0.055931244492384034,-0.050212524555502694,0.025908649292237674
put,68.0,2024-12-20,0.02739732369355657,0.18,0.3,65,2232,0.298975,-0.1647171292115976,0.06451718746208812,-0.052897013018351854,0.02875862878526305
call,68.0,2024-12-20,0.027397387113140537,3.65,4.8,0,370,0.459419,0.8352828707884024,0.06451718746208812,-0.052897013018351854,0.02875862878526305
call,68.5,2024-12-20,0.02739748224251649,2.67,4.6,0,12,0.393098,0.8073636426483262,0.07427546081668167,-0.05555844773247568,0.0316274969506214
put,68.5,2024-12-20,0.027397291983764588,0.33,0.37,93,434,0.292531,-0.1926363573516738,0.07427546081668167,-0.05555844773247568,0.0316274969506214
put,69.0,2024-12-20,0.027397291983764588,0.41,0.47,65,3610,0.28556,-0.2261730028021659,0.08513311376579567,-0.05817091255334868,0.03444067978064191
call,69.0,2024-12-20,0.02739741882293252,2.81,3.45,12,2509,0.346794,0.7738269971978341,0.08513311376579567,-0.05817091255334868,0.03444067978064191
call,69.5,2024-12-20,0.027397291983764588,2.46,2.82,0,39,0.282483,0.7331150820095711,0.0965675482219212,-0.06098674940988332,0.039443704576856975
put,69.5,2024-12-20,0.027397291983764588,0.52,0.59,6,55,0.281993,-0.2668849179904289,0.0965675482219212,-0.06098674940988332,0.039443704576856975
put,70.0,2024-12-20,0.027397291983764588,0.5,0.74,62,13279,0.279612,-0.3150579634995391,0.10771432720889575,-0.06345411838479217,0.04174384398487822
call,70.0,2024-12-20,0.02739757737189244,2.11,2.34,1007,4531,0.291057,0.6849420365004609,0.10771432720889575,-0.06345411838479217,0.04174384398487822
call,70.5,2024-12-20,0.027397291983764588,1.78,1.96,7,152,0.282337,0.6301219456852158,0.11762423830797601,-0.0655135411996606,0.043762207339112014
put,70.5,2024-12-20,0.027397291983764588,0.82,0.91,20,98,0.27598,-0.3698780543147842,0.11762423830797601,-0.0655135411996606,0.043762207339112014
put,71.0,2024-12-20,0.027397291983764588,1.02,1.12,105,4674,0.274532,-0.4302970076833721,0.12474681806946814,-0.06669721140136901,0.04635483275108676
call,71.0,2024-12-20,0.027397291983764588,1.48,1.79,29,4746,0.295758,0.5697029923166279,0.12474681806946814,-0.06669721140136901,0.04635483275108676
call,71.5,2024-12-20,0.027397291983764588,1.24,1.35,12,77,0.274277,0.506239961861033,0.12856440646035944,-0.06686878922421916,0.04720061437234996
put,71.5,2024-12-20,0.027397291983764588,1.26,1.36,29,81,0.274446,-0.493760038138967,0.12856440646035944,-0.06686878922421916,0.04720061437234996
put,72.0,2024-12-20,0.02739732369355657,1.52,1.63,44,864,0.272641,-0.5577552573630896,0.12828405617373298,-0.06563041754625672,0.04712090186815049
call,72.0,2024-12-20,0.027397291983764588,0.99,1.3,695,3888,0.2716,0.4422447426369104,0.12828405617373298,-0.06563041754625672,0.04712090186815049
call,72.5,2024-12-20,0.027397291983764588,0.8,0.9,102,102,0.272493,0.38001213695565716,0.12448497539772334,-0.06310089974043795,0.04520890592588269
put,72.5,2024-12-20,0.0273972602739726,1.62,2.3,32,409,0.272133,-0.6199878630443428,0.12448497539772334,-0.06310089974043795,0.04520890592588269
put,73.0,2024-12-20,0.027397291983764588,1.46,2.46,53,2544,0.294443,-0.6788324681003127,0.11764971980833468,-0.0593441082996171,0.04380401898523252
call,73.0,2024-12-20,0.027397291983764588,0.64,0.73,114,1483,0.276926,0.32116753189968733,0.11764971980833468,-0.0593441082996171,0.04380401898523252
call,73.5,2024-12-20,0.02739741882293252,0.5,0.67,65,93,0.287021,0.26722864473887514,0.10835676078619409,-0.054511126956746606,0.03958867506584694
put,73.5,2024-12-20,0.027397387113140537,2.44,2.87,19,81,0.266507,-0.7327713552611249,0.10835676078619409,-0.054511126956746606,0.03958867506584694
put,74.0,2024-12-20,0.027397387113140537,2.54,3.35,1,324,0.274272,-0.7817161974620227,0.09754929115477531,-0.04895989789886802,0.03722092913619388
call,74.0,2024-12-20,0.027397291983764588,0.42,0.47,86,778,0.278223,0.21828380253797725,0.09754929115477531,-0.04895989789886802,0.03722092913619388
call,74.5,2024-12-20,0.027397291983764588,0.28,0.37,64,91,0.273103,0.17574936053055956,0.08572999572825798,-0.04295339429177231,0.03167979707496495
put,74.5,2024-12-20,0.027397387113140537,2.49,5.2,0,71,0.426253,-0.8242506394694404,0.08572999572825798,-0.04295339429177231,0.03167979707496495
put,75.0,2024-12-20,0.027397291983764588,2.94,3.95,1,2861,0.284821,-0.861183480099427,0.0736870742465197,-0.03690483933884587,0.025902673034634706
call,75.0,2024-12-20,0.027397291983764588,0.19,0.3,144,5615,0.285912,0.138816519900573,0.0736870742465197,-0.03690483933884587,0.025902673034634706
call,75.5,2024-12-20,0.027397450532724504,0.22,0.32,46,90,0.310673,0.10796944963166304,0.06195026843795674,-0.030997187775768435,0.02317230679217949
put,75.5,2024-12-20,0.027397355403348554,3.5,5.15,0,44,0.364221,-0.892030550368337,0.06195026843795674,-0.030997187775768435,0.02317230679217949
put,76.0,2024-12-20,0.027397957889396245,3.5,5.45,1,252,0.422306,-0.9173980655850525,0.05099010865901354,-0.025569464140392007,0.017837881405780874
call,76.0,2024-12-20,0.027397387113140537,0.11,0.2,346,5859,0.280021,0.0826019344149475,0.05099010865901354,-0.025569464140392007,0.017837881405780874
call,76.5,2024-12-20,0.027397291983764588,0.1,0.16,30,162,0.290236,0.06282243111570579,0.04129562358118775,-0.020816668997323713,0.015456681141636931
put,76.5,2024-12-20,0.027398148148148147,4.3,6.45,0,19,0.678206,-0.9371775688842943,0.04129562358118775,-0.020816668997323713,0.015456681141636931
call,77.0,2024-12-20,0.02739757737189244,0.1,0.14,21,1468,0.30764,0.046723991199349564,0.032727562040839785,-0.01658833622129905,0.011933622640719888
put,77.0,2024-12-20,0.027397704211060376,5.2,5.85,0,283,0.406997,-0.9532760088006504,0.032727562040839785,-0.01658833622129905,0.011933622640719888
put,78.0,2024-12-20,0.027397989599188228,5.4,7.9,0,168,0.433302,-0.9753150155631697,0.019430758350463494,-0.009886195379769489,0.007836296702087422
call,78.0,2024-12-20,0.027397957889396245,0.03,0.09,10,4376,0.322654,0.024684984436830284,0.019430758350463494,-0.009886195379769489,0.007836296702087422
put,79.0,2024-12-20,0.027397989599188228,6.35,8.75,0,66,0.477435,-0.9864631400498431,0.011470222505986118,-0.006069829784252942,0.004224052063837378
call,79.0,2024-12-20,0.027397291983764588,0.04,0.08,8895,44355,0.348513,0.01353685995015689,0.011470222505986118,-0.006069829784252942,0.004224052063837378
put,80.0,2024-12-20,0.02739789446981228,7.65,9.1,0,105,0.658549,-0.992473542684886,0.006730602482786593,-0.00373384668887244,0.0026634925745278757
call,80.0,2024-12-20,0.0273972602739726,0.03,0.24,48,6883,0.319507,0.007526457315113992,0.006730602482786593,-0.00373384668887244,0.0026634925745278757
put,81.0,2024-12-20,0.02739789446981228,7.65,10.0,0,21,0.668735,-0.9975800141297555,0.0025723435587824577,-0.0013177492092684765,0.0009390571534481884
call,81.0,2024-12-20,0.027397450532724504,0.0,0.07,3,377,0.411194,0.002419985870244457,0.0025723435587824577,-0.0013177492092684765,0.0009390571534481884
call,82.0,2024-12-20,0.02739748224251649,0.0,0.08,0,6546,0.454709,0.0008677195042346276,0.0010279874696952247,-0.0005148250753147793,0.000389154486264149
put,82.0,2024-12-20,0.027397513952308473,8.55,11.95,0,1,1.014763,-0.9991322804957654,0.0010279874696952247,-0.0005148250753147793,0.000389154486264149
put,83.0,2024-12-20,0.02739817985794013,9.5,13.5,0,0,1.0648,-0.9996774476664374,0.0004137693348036055,-0.00020789816867947724,0.00021153812179516352
call,83.0,2024-12-20,0.02739748224251649,0.0,0.07,0,871,0.47655,0.00032255233356259116,0.0004137693348036055,-0.00020789816867947724,0.00021153812179516352
put,84.0,2024-12-20,0.02739808472856418,10.5,14.0,0,3,0.856623,-0.9998676964626294,0.0001786610456078157,-9.181522763237388e-5,8.607447911938782e-5
call,84.0,2024-12-20,0.027397513952308473,0.0,0.07,0,699,0.507358,0.00013230353737060118,0.0001786610456078157,-9.181522763237388e-5,8.607447911938782e-5
put,85.0,2024-12-20,0.027397387113140537,12.65,13.75,0,0,0.68469,-0.9998837240968623,0.00014793812395751048,-8.590711679291406e-5,8.61143514724235e-5
call,85.0,2024-12-20,0.027397228564180618,0.01,0.23,26,6489,0.444031,0.0001162759031376942,0.00014793812395751048,-8.590711679291406e-5,8.61143514724235e-5
put,86.0,2024-12-20,0.027397831050228312,12.55,16.1,0,0,1.252896,-0.9999887920335058,1.7749966227418234e-5,-8.827390019047244e-6,2.868644848272006e-5
call,86.0,2024-12-20,0.02739732369355657,0.0,0.07,0,438,0.567829,1.1207966494285069e-5,1.7749966227418234e-5,-8.827390019047244e-6,2.868644848272006e-5
put,87.0,2024-12-20,0.027397704211060376,13.9,17.0,0,0,1.267905,-0.9999973428697719,4.5661734737507814e-6,-1.9804284716781386e-6,2.138492540966122e-5
call,87.0,2024-12-20,0.02739757737189244,0.0,0.21,1,405,0.728418,2.6571302280740073e-6,4.5661734737507814e-6,-1.9804284716781386e-6,2.138492540966122e-5
put,88.0,2024-12-20,0.027398116438356164,15.4,17.15,0,1,1.019815,-0.9999980756527806,3.197668807255745e-6,-1.471165936845662e-6,2.1388495760780802e-5
call,88.0,2024-12-20,0.0274166032470827,0.0,0.02,0,569,0.506626,1.9243472193697598e-6,3.197668807255745e-6,-1.471165936845662e-6,2.1388495760780802e-5
put,89.0,2024-12-20,0.02739773592085236,16.4,19.1,0,0,1.385902,-0.9999997665549528,4.39280694337087e-7,-1.6406456309746507e-7,2.018224267789941e-5
call,89.0,2024-12-20,0.02739757737189244,0.0,0.07,0,418,0.654535,2.3344504712644814e-7,4.39280694337087e-7,-1.6406456309746507e-7,2.018224267789941e-5
call,90.0,2024-12-20,0.02739757737189244,0.0,0.05,1,5453,0.648725,8.206821076754724e-8,1.5827041149348098e-7,-5.6810649880918536e-8,2.006096448048603e-5
put,90.0,2024-12-20,0.02739748224251649,16.75,19.5,0,5,1.231757,-0.9999999179317892,1.5827041149348098e-7,-5.6810649880918536e-8,2.006096448048603e-5
put,95.0,2024-12-20,0.02739748224251649,22.0,24.65,0,0,1.475751,-0.9999999999726458,6.68865706402243e-11,-1.632751767942425e-11,2.0000026088263343e-5
call,95.0,2024-12-20,0.027397513952308473,0.0,0.06,0,4650,0.795524,2.7354227842668082e-11,6.68865706402243e-11,-1.632751767942425e-11,2.0000026088263343e-5
put,100.0,2024-12-20,0.027397291983764588,26.2,31.0,0,0,1.942206,-0.9999999999999986,4.26748219993808e-15,-7.622158458649023e-16,2.000000000307638e-5
call,100.0,2024-12-20,0.027853881278538814,0.0,0.01,4,2427,NaN,NaN,NaN,NaN,NaN
put,105.0,2024-12-20,0.027397545662100457,31.15,35.95,0,0,2.117153,-1.0,2.4894444618100133e-21,-3.1493191150016372e-22,2.0000000000000005e-5
call,105.0,2024-12-20,0.027397545662100457,0.0,0.34,0,1036,1.351754,6.647839617386534e-22,2.4894444618100133e-21,-3.1493191150016372e-22,2.0000000000000005e-5
put,110.0,2024-12-20,0.027398148148148147,36.5,40.5,0,0,2.257734,-1.0,2.7480326864541686e-28,-2.8716806628040806e-29,2.0e-5
call,110.0,2024-12-20,0.027397513952308473,0.0,0.2,0,133,1.346171,6.431964427752765e-29,2.7480326864541686e-28,-2.8716806628040806e-29,2.0e-5
put,115.0,2024-12-20,0.027397450532724504,41.7,45.35,0,0,2.425116,-1.0,0.0,0.0,2.0e-5
call,115.0,2024-12-20,0.02739732369355657,0.0,0.25,0,1203,1.512783,0.0,0.0,0.0,2.0e-5
call,120.0,2024-12-20,0.027397291983764588,0.0,0.41,0,5299,1.763692,0.0,0.0,0.0,2.0e-5
put,120.0,2024-12-20,0.027398148148148147,46.5,50.5,0,0,2.546617,-1.0,0.0,0.0,2.0e-5
put,50.0,2024-12-27,0.04657565956367326,0.0,0.31,0,5,0.865474,-1.010641918e-7,9.577238797603135e-8,-8.874838719436912e-8,2.0110675258276418e-5
call,50.0,2024-12-27,0.04657537417554541,19.9,23.6,0,0,1.69476,0.9999998989358082,9.577238797603135e-8,-8.874838719436912e-8,2.0110675258276418e-5
put,55.0,2024-12-27,0.046576198630136983,0.0,0.12,0,0,0.676057,-4.63182533321e-5,3.5807837933544814e-5,-5.0795862713474285e-5,5.249422003880243e-5
call,55.0,2024-12-27,0.04657651572805682,15.1,18.55,0,0,1.363016,0.9999536817466679,3.5807837933544814e-5,-5.0795862713474285e-5,5.249422003880243e-5
put,60.0,2024-12-27,0.04657623033992897,0.0,0.27,4,42,0.576811,-0.0024827344758152,0.0015782173524362133,-0.0033086859179018062,0.0010486235654576367
call,60.0,2024-12-27,0.04657651572805682,10.75,13.4,0,0,1.011577,0.9975172655241848,0.0015782173524362133,-0.0033086859179018062,0.0010486235654576367
put,61.0,2024-12-27,0.04657546930492136,0.0,0.37,1,0,0.578713,-0.0044816648204005,0.002761043161440799,-0.006141985246289528,0.0018147143804706244
call,61.0,2024-12-27,0.04657537417554541,9.2,12.55,0,0,0.985957,0.9955183351795995,0.002761043161440799,-0.006141985246289528,0.0018147143804706244
put,62.0,2024-12-27,0.04657623033992897,0.01,0.3,0,0,0.506163,-0.0093838366283424,0.005335075878666721,-0.01391772113300163,0.0038566914853960976
call,62.0,2024-12-27,0.04657651572805682,8.0,11.6,0,0,0.937076,0.9906161633716576,0.005335075878666721,-0.01391772113300163,0.0038566914853960976
put,63.0,2024-12-27,0.04658177955352613,0.0,0.1,0,30,0.361066,-0.0216924448398319,0.010673545036644298,-0.023792297333222242,0.007515622752294055
call,63.0,2024-12-27,0.04657623033992897,7.25,10.65,0,0,0.885785,0.9783075551601681,0.010673545036644298,-0.023792297333222242,0.007515622752294055
put,64.0,2024-12-27,0.04657537417554541,0.03,0.39,0,0,0.344438,-0.043042860116619,0.018289172927446744,-0.02944586554744105,0.013368932709074492
call,64.0,2024-12-27,0.046576166920345004,6.3,9.7,0,0,0.834834,0.956957139883381,0.018289172927446744,-0.02944586554744105,0.013368932709074492
put,65.0,2024-12-27,0.04663039066463724,0.1,0.21,3,67,0.31347,-0.0639922868286401,0.025759155116348,-0.03362448818012247,0.018560642847379554
call,65.0,2024-12-27,0.04657537417554541,5.35,7.95,0,20,0.709654,0.9360077131713599,0.025759155116348,-0.03362448818012247,0.018560642847379554
call,65.5,2024-12-27,0.04657559614408929,4.85,8.15,0,0,0.730063,0.9270112728211239,0.02954079371447714,-0.03475047275506162,0.021436923436926034
put,65.5,2024-12-27,0.04657537417554541,0.06,0.46,0,0,0.324668,-0.0729887271788761,0.02954079371447714,-0.03475047275506162,0.021436923436926034
put,66.0,2024-12-27,0.04657623033992897,0.08,0.71,0,15,0.321765,-0.0894993286678041,0.03478620695155744,-0.0374806148457985,0.02469187976745417
call,66.0,2024-12-27,0.04657537417554541,3.9,7.95,0,0,0.564986,0.9105006713321959,0.03478620695155744,-0.0374806148457985,0.02469187976745417
call,66.5,2024-12-27,0.046580669710806696,3.9,6.6,0,0,0.696484,0.8868436727744471,0.040885960033769334,-0.041471849234174844,0.028228796398897516
put,66.5,2024-12-27,0.046576040081177064,0.09,0.53,0,17,0.27953,-0.1131563272255529,0.040885960033769334,-0.041471849234174844,0.028228796398897516
put,67.0,2024-12-27,0.04657572298325723,0.11,0.76,4,146,0.324403,-0.1310184585088262,0.046629764850869476,-0.04328827749779229,0.031760609401783615
call,67.0,2024-12-27,0.046576198630136983,3.55,6.15,0,0,0.682673,0.8689815414911738,0.046629764850869476,-0.04328827749779229,0.031760609401783615
put,67.5,2024-12-27,0.04657537417554541,0.24,0.5,4,0,0.269852,-0.1537696897979249,0.05305169754977752,-0.04557985384042477,0.0354233359339175
call,67.5,2024-12-27,0.04657623033992897,3.6,5.7,0,0,0.584248,0.8462303102020751,0.05305169754977752,-0.04557985384042477,0.0354233359339175
put,68.0,2024-12-27,0.046576198630136983,0.16,0.7,1,41,0.268501,-0.1775441803641693,0.060031581576211156,-0.047285229296390986,0.03909917811378124
call,68.0,2024-12-27,0.04657591324200913,2.98,5.3,0,4,0.505323,0.8224558196358307,0.060031581576211156,-0.047285229296390986,0.03909917811378124
put,68.5,2024-12-27,0.04657623033992897,0.21,0.78,0,2,0.26134,-0.2074124025623649,0.0673842692290242,-0.04945507032473251,0.04280450188579382
call,68.5,2024-12-27,0.04657565956367326,2.33,4.85,0,0,0.483361,0.7925875974376351,0.0673842692290242,-0.04945507032473251,0.04280450188579382
call,69.0,2024-12-27,0.04657537417554541,2.4,4.45,0,9,0.522244,0.7599602598315396,0.07512626303965544,-0.05117446184054137,0.046407413664089334
put,69.0,2024-12-27,0.046576198630136983,0.5,0.7,1,231,0.263773,-0.2400397401684604,0.07512626303965544,-0.05117446184054137,0.046407413664089334
put,69.5,2024-12-27,0.046576198630136983,0.41,1.19,0,9,0.27421,-0.2779204586611088,0.08267809695833549,-0.05290642620403744,0.049873116505306306
call,69.5,2024-12-27,0.04657537417554541,2.0,4.1,0,0,0.47036,0.7220795413388912,0.08267809695833549,-0.05290642620403744,0.049873116505306306
put,70.0,2024-12-27,0.04657537417554541,0.59,1.21,16,110,0.262526,-0.3190296802468824,0.09021888670684809,-0.053888938510663204,0.055229387884961435
call,70.0,2024-12-27,0.04657565956367326,1.86,3.3,1,87,0.256596,0.6809703197531176,0.09021888670684809,-0.053888938510663204,0.055229387884961435
call,70.5,2024-12-27,0.04657565956367326,1.67,2.63,1,0,0.238038,0.6351549563462148,0.09675889255583665,-0.05462058477595814,0.05768858644695773
put,70.5,2024-12-27,0.046575691273465246,0.7,1.25,0,23,0.243796,-0.3648450436537852,0.09675889255583665,-0.05462058477595814,0.05768858644695773
put,71.0,2024-12-27,0.04657623033992897,0.85,1.42,7,22,0.23615,-0.4136050533588176,0.10276490801903537,-0.05451450154346262,0.05969034471758447
call,71.0,2024-12-27,0.04657537417554541,1.48,2.2,4,431,0.2357,0.5863949466411824,0.10276490801903537,-0.05451450154346262,0.05969034471758447
call,71.5,2024-12-27,0.04657565956367326,1.32,1.95,1,17,0.247479,0.5344723742277847,0.10785462253281627,-0.0535586552560976,0.06120350644529208
put,71.5,2024-12-27,0.04657623033992897,1.11,1.8,0,17,0.250535,-0.4655276257722153,0.10785462253281627,-0.0535586552560976,0.06120350644529208
put,72.0,2024-12-27,0.04657623033992897,1.3,2.01,2,349,0.240233,-0.5202843723955803,0.1109817991986956,-0.051745159624791585,0.06158870362653989
call,72.0,2024-12-27,0.04657565956367326,1.08,1.9,10,39,0.263226,0.47971562760441966,0.1109817991986956,-0.051745159624791585,0.06158870362653989
call,72.5,2024-12-27,0.04657565956367326,0.9,1.62,1,15,0.260839,0.4231747147199987,0.11204295139372063,-0.04920869470551513,0.06142949488299257
put,72.5,2024-12-27,0.04657623033992897,1.78,2.37,1,251,0.261877,-0.5768252852800013,0.11204295139372063,-0.04920869470551513,0.06142949488299257
put,73.0,2024-12-27,0.04657537417554541,1.84,2.79,1,12,0.247324,-0.6343508177508751,0.11089934281480834,-0.04561423397999352,0.05838879108782919
call,73.0,2024-12-27,0.04657565956367326,0.71,1.27,6,65,0.247786,0.3656491822491249,0.11089934281480834,-0.04561423397999352,0.05838879108782919
call,73.5,2024-12-27,0.04657565956367326,0.53,1.12,11,14,0.247418,0.30944096984710034,0.10666765920441151,-0.041569055868229905,0.05665531611378285
put,73.5,2024-12-27,0.04657591324200913,1.6,3.3,0,0,0.372691,-0.6905590301528997,0.10666765920441151,-0.041569055868229905,0.05665531611378285
put,74.0,2024-12-27,0.04657623033992897,2.0,4.15,0,1,0.462447,-0.7433585401488988,0.09958781310595996,-0.03703873398346783,0.050810532503925136
call,74.0,2024-12-27,0.04657565956367326,0.45,0.87,1,42,0.244013,0.2566414598511012,0.09958781310595996,-0.03703873398346783,0.050810532503925136
call,74.5,2024-12-27,0.04657565956367326,0.23,0.77,0,19,0.214759,0.20874470983451499,0.0903172289447568,-0.03245031135092747,0.043783897771974355
put,74.5,2024-12-27,0.04657591324200913,2.26,4.25,0,1,0.422812,-0.791255290165485,0.0903172289447568,-0.03245031135092747,0.043783897771974355
put,75.0,2024-12-27,0.046576198630136983,2.84,4.75,0,11,0.450779,-0.831350304867505,0.07961604562795846,-0.028205882121194677,0.040401350782236216
call,75.0,2024-12-27,0.046575437595129374,0.31,0.64,4,83,0.252956,0.168649695132495,0.07961604562795846,-0.028205882121194677,0.040401350782236216
put,75.5,2024-12-27,0.04657623033992897,3.05,4.85,0,3,0.402359,-0.8654464287552406,0.0687136356634081,-0.024211283794368165,0.03678909048116716
call,75.5,2024-12-27,0.04657565956367326,0.21,0.6,0,6,0.25603,0.1345535712447594,0.0687136356634081,-0.024211283794368165,0.03678909048116716
put,76.0,2024-12-27,0.046576198630136983,3.5,5.75,0,11,0.502835,-0.8908374580202184,0.05858858832394905,-0.02106279805724048,0.029137352138738786
call,76.0,2024-12-27,0.04662211440892948,0.22,0.34,5,52,0.247148,0.10916254197978159,0.05858858832394905,-0.02106279805724048,0.029137352138738786
put,76.5,2024-12-27,0.04657623033992897,3.9,6.55,0,0,0.470494,-0.914049204615219,0.04906180483922975,-0.017704121536061206,0.02576622942528388
call,76.5,2024-12-27,0.04657537417554541,0.18,0.39,3,7,0.265276,0.08595079538478097,0.04906180483922975,-0.017704121536061206,0.02576622942528388
put,77.0,2024-12-27,0.04657546930492136,4.3,6.95,0,2,0.590149,-0.9281583372682037,0.04164979033048436,-0.015809177766680154,0.02235415170396105
call,77.0,2024-12-27,0.04657565956367326,0.09,0.34,0,37,0.257368,0.07184166273179621,0.04164979033048436,-0.015809177766680154,0.02235415170396105
put,77.5,2024-12-27,0.04657651572805682,4.85,7.5,0,0,0.660576,-0.95177251877459,0.03185486889982411,-0.011162275596749064,0.0165406589376805
call,77.5,2024-12-27,0.04657623033992897,0.1,1.09,0,2,0.412866,0.04822748122540999,0.03185486889982411,-0.011162275596749064,0.0165406589376805
put,78.0,2024-12-27,0.04657623033992897,4.5,8.0,0,3,0.676227,-0.9660866559299628,0.02435051622888271,-0.008293552215127589,0.011664982335055625
call,78.0,2024-12-27,0.04657565956367326,0.04,0.62,0,28,0.40949,0.033913344070037224,0.02435051622888271,-0.008293552215127589,0.011664982335055625
call,78.5,2024-12-27,0.04657565956367326,0.03,0.75,0,0,0.459696,0.02454912563185203,0.01867807887309583,-0.006335822811993444,0.009731366543445055
put,78.5,2024-12-27,0.04657651572805682,5.8,8.45,0,0,0.67083,-0.9754508743681479,0.01867807887309583,-0.006335822811993444,0.009731366543445055
put,79.0,2024-12-27,0.04657623033992897,6.3,9.5,0,0,0.722471,-0.9826338434906514,0.01399967949436802,-0.0047247230146983555,0.008002213098469851
call,79.0,2024-12-27,0.04657565956367326,0.01,0.65,0,7,0.455551,0.017366156509348595,0.01399967949436802,-0.0047247230146983555,0.008002213098469851
call,79.5,2024-12-27,0.04657565956367326,0.01,0.56,0,0,0.451339,0.012329723325528816,0.01043726122278468,-0.0035180388863085598,0.005172506539971172
put,79.5,2024-12-27,0.04657651572805682,6.8,9.45,0,0,0.735742,-0.9876702766744712,0.01043726122278468,-0.0035180388863085598,0.005172506539971172
put,80.0,2024-12-27,0.04657591324200913,6.45,10.7,0,0,0.758345,-0.9907379942846278,0.008045972460027423,-0.002775378337553616,0.004119505109388689
call,80.0,2024-12-27,0.04657565956367326,0.0,0.3,0,68,0.389932,0.009262005715372173,0.008045972460027423,-0.002775378337553616,0.004119505109388689
call,80.5,2024-12-27,0.04657623033992897,0.0,0.57,0,1,0.430207,0.006286881846491532,0.005747751470260334,-0.0019705347294069644,0.0032456377259147367
put,80.5,2024-12-27,0.04657623033992897,7.0,10.45,0,0,0.749692,-0.9937131181535085,0.005747751470260334,-0.0019705347294069644,0.0032456377259147367
put,81.0,2024-12-27,0.04657623033992897,7.5,10.95,0,0,0.801118,-0.9957315144709582,0.004082854620434702,-0.001399107374914636,0.0019317867932357976
call,81.0,2024-12-27,0.04657565956367326,0.0,0.36,0,33,0.443171,0.004268485529041775,0.004082854620434702,-0.001399107374914636,0.0019317867932357976
call,82.0,2024-12-27,0.04657565956367326,0.0,0.35,0,6,0.47102,0.001973162750296153,0.0020341508229214447,-0.0007015470746565822,0.0011203871701201448
put,82.0,2024-12-27,0.04657591324200913,8.5,11.95,0,0,0.84273,-0.9980268372497039,0.0020341508229214447,-0.0007015470746565822,0.0011203871701201448
put,85.0,2024-12-27,0.04657591324200913,11.45,15.7,0,0,0.960982,-0.9998524480511045,0.0001850771529476073,-6.528847340389496e-5,0.00013171520041277307
call,85.0,2024-12-27,0.04657565956367326,0.0,0.33,0,37,0.552899,0.00014755194889544206,0.0001850771529476073,-6.528847340389496e-5,0.00013171520041277307
put,90.0,2024-12-27,0.04657562785388128,16.05,20.45,0,0,1.149541,-0.9999995417189853,7.814900535483853e-7,-2.711566558674382e-7,2.0334944105060588e-5
call,90.0,2024-12-27,0.04657623033992897,0.0,0.72,0,66,0.765973,4.582810146944555e-7,7.814900535483853e-7,-2.711566558674382e-7,2.0334944105060588e-5
call,95.0,2024-12-27,0.046576198630136983,0.01,0.32,0,0,0.646044,3.561309923149859e-8,5.791758782775731e-8,-2.5526013870749807e-8,2.0035275237960814e-5
put,95.0,2024-12-27,0.04657553272450533,21.1,25.15,0,0,1.310147,-0.9999999643869008,5.791758782775731e-8,-2.5526013870749807e-8,2.0035275237960814e-5
put,100.0,2024-12-27,0.04657565956367326,26.5,30.5,0,0,1.454702,-0.9999999999975737,5.48462165384236e-12,-1.5265694529056095e-12,2.0000002413213108e-5
call,100.0,2024-12-27,0.04657623033992897,0.0,0.31,0,85,0.909858,2.4262775196533467e-12,5.48462165384236e-12,-1.5265694529056095e-12,2.0000002413213108e-5
put,105.0,2024-12-27,0.046584284627092847,32.25,34.95,0,0,1.588033,-1.0,2.6225257878309442e-17,-4.754655087271084e-18,2.0000000000021953e-5
call,105.0,2024-12-27,0.04657623033992897,0.0,0.71,0,2,1.203966,8.86703560782616e-18,2.6225257878309442e-17,-4.754655087271084e-18,2.0000000000021953e-5
put,50.0,2025-01-03,0.0657543125317098,0.0,0.61,0,0,0.939205,-6.1769717832e-6,4.331372936147765e-6,-7.641164445170934e-6,2.4452844577975938e-5
call,50.0,2025-01-03,0.06575374175545408,19.35,23.6,0,7,1.428742,0.9999938230282168,4.331372936147765e-6,-7.641164445170934e-6,2.4452844577975938e-5
put,55.0,2025-01-03,0.0664953069507864,0.0,0.2,0,55,NaN,NaN,NaN,NaN,NaN
call,55.0,2025-01-03,0.06575374175545408,15.15,18.65,0,0,1.159939,0.9992371782282553,0.00040688478402995824,-0.0012552235560700693,0.0005003196577767491
put,60.0,2025-01-03,0.06575380517503805,0.01,0.23,3,70,0.469547,-0.011991504568836,0.005188686905549493,-0.017753210480069892,0.005686100171815647
call,60.0,2025-01-03,0.06575459791983765,9.65,12.9,0,0,0.902728,0.988008495431164,0.005188686905549493,-0.017753210480069892,0.005686100171815647
put,65.0,2025-01-03,0.0657543125317098,0.1,0.51,1,56,0.308507,-0.0961173787422935,0.029725935218959908,-0.033516291326365924,0.029234922252158544
call,65.0,2025-01-03,0.06575380517503805,5.45,8.1,0,0,0.615687,0.9038826212577065,0.029725935218959908,-0.033516291326365924,0.029234922252158544
put,66.0,2025-01-03,0.06575345636732623,0.25,0.57,4,17,0.307572,-0.1220065653133175,0.037233333022978425,-0.035800588913639846,0.03725217790882449
call,66.0,2025-01-03,0.06575428082191781,4.55,7.15,0,0,0.493519,0.8779934346866825,0.037233333022978425,-0.035800588913639846,0.03725217790882449
call,66.5,2025-01-03,0.06575399543378996,4.45,6.75,0,0,0.5456,0.8525246656263719,0.041805396826144876,-0.03901948918275889,0.04172044851790447
put,66.5,2025-01-03,0.06575428082191781,0.12,0.68,0,3,0.27078,-0.1474753343736281,0.041805396826144876,-0.03901948918275889,0.04172044851790447
put,67.0,2025-01-03,0.0657543125317098,0.27,0.73,0,8,0.28754,-0.1596517482496159,0.04644265654524577,-0.03900203352864353,0.04324912123145316
call,67.0,2025-01-03,0.0657543125317098,3.65,6.3,0,0,0.494583,0.8403482517503841,0.04644265654524577,-0.03900203352864353,0.04324912123145316
call,67.5,2025-01-03,0.0657543125317098,3.2,5.9,0,0,0.58651,0.8095951094109288,0.05103632316758239,-0.04222719797865022,0.050324309970980835
put,67.5,2025-01-03,0.06575428082191781,0.18,1.1,0,0,0.264055,-0.1904048905890712,0.05103632316758239,-0.04222719797865022,0.050324309970980835
put,68.0,2025-01-03,0.06575345636732623,0.22,0.87,0,254,0.252973,-0.2095259779977771,0.05656059030305018,-0.042443204809277775,0.05064751669086911
call,68.0,2025-01-03,0.06575377346524607,2.84,5.5,0,0,0.572763,0.7904740220022229,0.05656059030305018,-0.042443204809277775,0.05064751669086911
call,68.5,2025-01-03,0.0657543125317098,2.43,4.4,0,4,0.327189,0.7642020436860288,0.06211019007694009,-0.04342321901824052,0.054817400980390146
put,68.5,2025-01-03,0.06575428082191781,0.25,1.52,0,2,0.273532,-0.2357979563139712,0.06211019007694009,-0.04342321901824052,0.054817400980390146
put,69.0,2025-01-03,0.06575415398274988,0.33,1.1,0,39,0.240987,-0.2669575439666549,0.06743353340754919,-0.04465716405163871,0.05882996841871327
call,69.0,2025-01-03,0.06575374175545408,2.05,4.75,0,0,0.432807,0.7330424560333451,0.06743353340754919,-0.04465716405163871,0.05882996841871327
call,69.5,2025-01-03,0.06575374175545408,1.7,4.4,0,0,0.21619,0.7007067290737663,0.07313425475496223,-0.04526785356448056,0.06249441448289211
put,69.5,2025-01-03,0.06575399543378996,0.05,1.29,4,1,0.212419,-0.2992932709262337,0.07313425475496223,-0.04526785356448056,0.06249441448289211
call,70.0,2025-01-03,0.06575374175545408,2.1,4.05,0,4,0.275495,0.6638791924449193,0.0781217807268116,-0.04597142011097881,0.06581692079801618
put,70.0,2025-01-03,0.06575348807711821,0.6,1.45,10,13,0.242842,-0.3361208075550807,0.0781217807268116,-0.04597142011097881,0.06581692079801618
put,70.5,2025-01-03,0.0657543125317098,0.57,1.6,0,1,0.223161,-0.3760774367465148,0.08218299819456054,-0.04656111233029501,0.0686835056635035
call,70.5,2025-01-03,0.06575374175545408,1.9,3.75,0,1,0.290021,0.6239225632534852,0.08218299819456054,-0.04656111233029501,0.0686835056635035
put,71.0,2025-01-03,0.0657543125317098,0.83,1.95,0,26,0.237813,-0.4177074639950205,0.08572391610691268,-0.04662908614508881,0.07097796606820532
call,71.0,2025-01-03,0.06575345636732623,1.5,3.05,0,5,0.25328,0.5822925360049795,0.08572391610691268,-0.04662908614508881,0.07097796606820532
put,71.5,2025-01-03,0.06575428082191781,0.81,2.37,0,1,0.233206,-0.4610308747410162,0.0881717549282111,-0.04632671016775477,0.07265212483828991
call,71.5,2025-01-03,0.06575374175545408,0.58,2.55,15,18,0.193318,0.5389691252589838,0.0881717549282111,-0.04632671016775477,0.07265212483828991
put,72.0,2025-01-03,0.06575428082191781,1.41,2.45,0,184,0.244417,-0.5052656462117457,0.08941581802318863,-0.04558890906327807,0.07292300746948922
call,72.0,2025-01-03,0.06575345636732623,1.2,2.35,0,213,0.255744,0.4947343537882543,0.08941581802318863,-0.04558890906327807,0.07292300746948922
put,72.5,2025-01-03,0.06575399543378996,1.6,2.75,0,1,0.238525,-0.5497086933361885,0.08949272654506019,-0.0444215588009324,0.072485403889186
call,72.5,2025-01-03,0.06575342465753424,1.09,1.91,4,5,0.247171,0.45029130666381145,0.08949272654506019,-0.0444215588009324,0.072485403889186
put,73.0,2025-01-03,0.06575399543378996,1.8,4.05,0,27,0.298437,-0.5936890106538005,0.08836951322571901,-0.04284068904601481,0.07134704077915925
call,73.0,2025-01-03,0.06575355149670219,0.55,1.74,28,179,0.226746,0.4063109893461995,0.08836951322571901,-0.04284068904601481,0.07134704077915925
call,73.5,2025-01-03,0.0657543125317098,0.04,1.3,0,13,0.170417,0.362332060465588,0.08662826797363261,-0.04061047987473143,0.06957564715289989
put,73.5,2025-01-03,0.06575358320649416,2.0,3.4,0,0,0.333108,-0.637667939534412,0.08662826797363261,-0.04061047987473143,0.06957564715289989
put,74.0,2025-01-03,0.0657543125317098,2.15,5.45,0,0,0.520888,-0.6776437601672413,0.08272593437069685,-0.03865854869029253,0.06709811930420924
call,74.0,2025-01-03,0.06575374175545408,0.4,2.23,0,9,0.294451,0.3223562398327587,0.08272593437069685,-0.03865854869029253,0.06709811930420924
call,74.5,2025-01-03,0.0657543125317098,0.15,1.22,0,10,0.225753,0.28287346165824917,0.07861685216957295,-0.03605069874322617,0.06412428720819047
put,74.5,2025-01-03,0.0657543125317098,2.43,5.1,0,0,0.519382,-0.7171265383417509,0.07861685216957295,-0.03605069874322617,0.06412428720819047
call,75.0,2025-01-03,0.06575342465753424,0.45,0.76,21,20,0.23439,0.24662410513816807,0.07358765977763189,-0.03337390850620986,0.06064282784728556
put,75.0,2025-01-03,0.06575348807711821,3.1,4.6,0,4,0.346848,-0.753375894861832,0.07358765977763189,-0.03337390850620986,0.06064282784728556
call,75.5,2025-01-03,0.06575374175545408,0.25,0.85,0,0,0.239667,0.21364961007345196,0.06801172112127235,-0.030675581111825855,0.05551513802467295
put,75.5,2025-01-03,0.06575428082191781,3.15,5.55,0,0,0.452775,-0.786350389926548,0.06801172112127235,-0.030675581111825855,0.05551513802467295
put,76.0,2025-01-03,0.06575399543378996,2.83,6.25,0,1,0.556449,-0.8165988207219931,0.062166072239926304,-0.027829464992799865,0.04763187023667108
call,76.0,2025-01-03,0.06575374175545408,0.17,1.21,0,3,0.276269,0.18340117927800695,0.062166072239926304,-0.027829464992799865,0.04763187023667108
call,76.5,2025-01-03,0.06575374175545408,0.13,1.09,0,6,0.269513,0.15949726707766249,0.056214443367725235,-0.025648384644570678,0.04313855229723366
put,76.5,2025-01-03,0.06575345636732623,3.25,7.5,0,10,0.564593,-0.8405027329223375,0.056214443367725235,-0.025648384644570678,0.04313855229723366
put,77.0,2025-01-03,0.06575415398274988,4.45,7.15,0,0,0.579624,-0.8681696616853818,0.05023377050452146,-0.022191162776211523,0.0389111310113556
call,77.0,2025-01-03,0.06575374175545408,0.08,0.64,0,5,0.31154,0.1318303383146182,0.05023377050452146,-0.022191162776211523,0.0389111310113556
call,77.5,2025-01-03,0.06575374175545408,0.05,0.79,0,20,0.251581,0.11741231042924755,0.045049430804116074,-0.02095236728991055,0.03916177189534974
put,77.5,2025-01-03,0.06575364662607813,4.95,8.4,0,0,0.593053,-0.8825876895707524,0.045049430804116074,-0.02095236728991055,0.03916177189534974
put,78.0,2025-01-03,0.06575412227295789,5.35,8.05,0,0,0.552059,-0.898570034747975,0.0400765957725848,-0.01900558198125449,0.03471237816356513
call,78.0,2025-01-03,0.06575374175545408,0.04,0.78,0,30,0.282677,0.10142996525202498,0.0400765957725848,-0.01900558198125449,0.03471237816356513
call,78.5,2025-01-03,0.06575374175545408,0.04,0.87,0,0,0.337177,0.0761284725226557,0.03377398527851214,-0.014773216511012374,0.02657778161492257
put,78.5,2025-01-03,0.06575424911212582,5.1,8.55,0,0,0.619405,-0.9238715274773442,0.03377398527851214,-0.014773216511012374,0.02657778161492257
put,79.0,2025-01-03,0.0657543125317098,6.3,9.0,0,0,0.607214,-0.9374676928488358,0.029033848079955633,-0.01269344847923631,0.022953214456128003
call,79.0,2025-01-03,0.06575374175545408,0.03,0.86,0,0,0.348114,0.06253230715116416,0.029033848079955633,-0.01269344847923631,0.022953214456128003
put,80.0,2025-01-03,0.06575459791983765,7.25,9.9,0,0,0.612282,-0.9474419063431,0.023630027955816067,-0.011746597321983562,0.019413777046611905
call,80.0,2025-01-03,0.06575374175545408,0.02,0.44,18,21,0.281041,0.05255809365689997,0.023630027955816067,-0.011746597321983562,0.019413777046611905
put,81.0,2025-01-03,0.06575459791983765,7.6,11.0,0,0,0.673661,-0.971714081454039,0.01508264098647241,-0.006776350744742221,0.013571244622919278
call,81.0,2025-01-03,0.0657543125317098,0.0,0.43,0,0,0.330244,0.028285918545960922,0.01508264098647241,-0.006776350744742221,0.013571244622919278
put,85.0,2025-01-03,0.06575459791983765,11.85,15.15,0,0,0.826822,-0.9963521760539673,0.0025647366426064834,-0.0011358525942051798,0.0022982458848465103
call,85.0,2025-01-03,0.06575374175545408,0.0,0.36,3,2,0.473314,0.0036478239460327436,0.0025647366426064834,-0.0011358525942051798,0.0022982458848465103
put,90.0,2025-01-03,0.0657537100456621,16.5,20.15,0,0,0.977735,-0.9998349444686991,0.000149612352337187,-6.660022990239198e-5,0.00015218861737963032
call,90.0,2025-01-03,0.06575374175545408,0.0,0.41,0,140,0.606423,0.00016505553130089772,0.000149612352337187,-6.660022990239198e-5,0.00015218861737963032
put,95.0,2025-01-03,0.06575367833587012,21.05,25.55,0,0,1.113922,-0.9999954810619052,4.959930467255047e-6,-2.2365936407765176e-6,2.4842860844720462e-5
call,95.0,2025-01-03,0.06576128868594622,0.0,0.41,0,0,0.711401,4.5189380948432335e-6,4.959930467255047e-6,-2.2365936407765176e-6,2.4842860844720462e-5
put,100.0,2025-01-03,0.06576122526636226,27.25,30.55,0,0,1.236353,-0.9999999559478604,5.869038938519037e-8,-2.583320390045045e-8,2.0043491061080333e-5
call,100.0,2025-01-03,0.06575367833587012,0.0,0.66,0,31,0.89905,4.405213965252479e-8,5.869038938519037e-8,-2.583320390045045e-8,2.0043491061080333e-5
put,105.0,2025-01-03,0.06575374175545408,31.5,35.55,0,0,1.350184,-0.999999999151333,1.2357258781989508e-9,-5.705242880992937e-10,2.0001025856608135e-5
call,105.0,2025-01-03,0.06575374175545408,0.0,0.61,0,0,0.897764,8.486670428022619e-10,1.2357258781989508e-9,-5.705242880992937e-10,2.0001025856608135e-5
put,50.0,2025-01-10,0.08493176052765093,0.0,2.15,0,0,1.284912,-1.25867197399e-5,8.263086382179078e-6,-1.676325089311259e-5,3.20523048040022e-5
call,50.0,2025-01-10,0.08493172881785896,19.25,24.0,0,0,1.287006,0.9999874132802601,8.263086382179078e-6,-1.676325089311259e-5,3.20523048040022e-5
put,55.0,2025-01-10,0.08493220446473872,0.0,1.4,0,0,0.921986,-0.0009551298699686,0.0004898797159644197,-0.001640414876104553,0.0007490213116252136
call,55.0,2025-01-10,0.08493268011161846,14.65,18.65,0,0,1.025928,0.9990448701300314,0.0004898797159644197,-0.001640414876104553,0.0007490213116252136
put,60.0,2025-01-10,0.08494044901065449,0.0,0.73,0,0,0.563135,-0.0179488389154374,0.006820653221648569,-0.01625780094007491,0.00984131603031462
call,60.0,2025-01-10,0.08493172881785896,9.55,13.75,0,0,0.798753,0.9820511610845626,0.006820653221648569,-0.01625780094007491,0.00984131603031462
put,65.0,2025-01-10,0.08493239472349061,0.0,0.74,0,1,0.379689,-0.113883219460116,0.03084892633460407,-0.03037994654067971,0.03767472134933573
call,65.0,2025-01-10,0.084931633688483,5.0,9.0,0,0,0.605742,0.886116780539884,0.03084892633460407,-0.03037994654067971,0.03767472134933573
call,65.5,2025-01-10,0.08493166539827499,4.25,8.55,0,0,0.589684,0.8711085277968234,0.03416738901326688,-0.03168089196520953,0.042391526155022646
put,65.5,2025-01-10,0.08493857813292745,0.0,1.19,0,0,0.439225,-0.1288914722031766,0.03416738901326688,-0.03168089196520953,0.042391526155022646
put,66.0,2025-01-10,0.0849318239472349,0.12,1.67,0,3,0.319585,-0.1541695857193021,0.037728493254540946,-0.03464264397642014,0.04747177568889249
call,66.0,2025-01-10,0.08493160197869103,3.95,8.1,0,0,0.572635,0.8458304142806979,0.037728493254540946,-0.03464264397642014,0.04747177568889249
call,66.5,2025-01-10,0.08493150684931507,3.55,7.7,0,0,0.555144,0.8333390343641666,0.04137471962204509,-0.034788040610510884,0.05217337047760174
put,66.5,2025-01-10,0.08493220446473872,0.17,1.74,0,1,0.480292,-0.1666609656358334,0.04137471962204509,-0.034788040610510884,0.05217337047760174
put,67.0,2025-01-10,0.08493239472349061,0.21,1.29,0,0,0.391161,-0.1906942920015279,0.04497933026671626,-0.03674031665565847,0.05710288115505174
call,67.0,2025-01-10,0.08493153855910705,3.15,7.3,0,0,0.544856,0.8093057079984721,0.04497933026671626,-0.03674031665565847,0.05710288115505174
call,67.5,2025-01-10,0.08493153855910705,2.75,6.1,0,0,0.532993,0.779548441789788,0.04801885744649989,-0.03943296128276439,0.062010427839487445
put,67.5,2025-01-10,0.08493153855910705,0.26,1.5,0,0,0.28481,-0.220451558210212,0.04801885744649989,-0.03943296128276439,0.062010427839487445
put,68.0,2025-01-10,0.08493150684931507,0.59,0.85,5,150,0.25844,-0.2457195865988427,0.051370107452080475,-0.040825520830455014,0.06644572600029809
call,68.0,2025-01-10,0.08493683409436834,2.76,5.85,0,0,0.520861,0.7542804134011573,0.051370107452080475,-0.040825520830455014,0.06644572600029809
call,68.5,2025-01-10,0.08493236301369864,2.3,5.5,0,0,0.415563,0.7325098939414455,0.05565487620611924,-0.040892825599043905,0.06692514643806782
put,68.5,2025-01-10,0.08493188736681888,0.37,1.6,0,1,0.368054,-0.2674901060585545,0.05565487620611924,-0.040892825599043905,0.06692514643806782
put,69.0,2025-01-10,0.08493147513952308,0.81,1.49,3,0,0.27958,-0.2985000661500362,0.05833802631157878,-0.042466119253088935,0.07110638161815788
call,69.0,2025-01-10,0.08493236301369864,1.73,5.15,0,4,0.500738,0.7014999338499638,0.05833802631157878,-0.042466119253088935,0.07110638161815788
call,69.5,2025-01-10,0.08493239472349061,1.27,4.8,0,10,0.493048,0.6744485688295427,0.06243771778881032,-0.04243312333001241,0.07462082151246649
put,69.5,2025-01-10,0.08493195078640284,0.0,2.3,0,0,0.409752,-0.3255514311704573,0.06243771778881032,-0.04243312333001241,0.07462082151246649
put,70.0,2025-01-10,0.08493239472349061,1.13,1.76,3,10,0.270439,-0.3589785881956292,0.06446474366599762,-0.043551567299133696,0.07771884872195056
call,70.0,2025-01-10,0.08493153855910705,1.24,5.0,0,8,0.433596,0.6410214118043708,0.06446474366599762,-0.043551567299133696,0.07771884872195056
call,70.5,2025-01-10,0.0849318239472349,1.86,4.75,0,70,0.310011,0.6086696452145611,0.06723032427050464,-0.04368542064846353,0.08007369898191417
put,70.5,2025-01-10,0.08493236301369864,0.74,2.49,0,0,0.264892,-0.3913303547854389,0.06723032427050464,-0.04368542064846353,0.08007369898191417
put,71.0,2025-01-10,0.08493153855910705,1.61,2.23,57,50,0.25826,-0.4251601111221598,0.06958812436230846,-0.043595204312163884,0.0817101431838213
call,71.0,2025-01-10,0.08493172881785896,1.54,4.45,0,8,0.30763,0.5748398888778402,0.06958812436230846,-0.043595204312163884,0.0817101431838213
call,71.5,2025-01-10,0.08493153855910705,0.86,4.2,0,2,0.283004,0.5398052428354995,0.07157621521758406,-0.04318611344526842,0.08257903571139914
put,71.5,2025-01-10,0.08493223617453069,1.57,2.61,0,0,0.268049,-0.4601947571645005,0.07157621521758406,-0.04318611344526842,0.08257903571139914
call,72.0,2025-01-10,0.0849318239472349,1.65,2.45,3,23,0.25581,0.5037137624780454,0.07304399388953416,-0.042446281788496805,0.08348421237706673
put,72.0,2025-01-10,0.08493150684931507,1.99,2.83,3,10,0.275936,-0.4962862375219546,0.07304399388953416,-0.042446281788496805,0.08348421237706673
call,72.5,2025-01-10,0.0849318239472349,0.72,3.05,0,0,0.26225,0.4668709502604369,0.07388788137918426,-0.04140135729068297,0.0835942148563542
put,72.5,2025-01-10,0.08493236301369864,0.85,4.5,0,2,0.266332,-0.5331290497395631,0.07388788137918426,-0.04140135729068297,0.0835942148563542
put,73.0,2025-01-10,0.08493223617453069,1.61,4.95,0,1,0.303572,-0.5700727061157326,0.07384413221386996,-0.040188235807543,0.08289446687978023
call,73.0,2025-01-10,0.0849318239472349,0.12,2.82,0,19,0.234692,0.42992729388426737,0.07384413221386996,-0.040188235807543,0.08289446687978023
call,73.5,2025-01-10,0.0849318239472349,0.55,3.4,0,0,0.311003,0.392690258455534,0.07334840873537929,-0.03856657603898993,0.08142281853181745
put,73.5,2025-01-10,0.08493239472349061,1.38,5.25,0,1,0.473578,-0.607309741544466,0.07334840873537929,-0.03856657603898993,0.08142281853181745
put,74.0,2025-01-10,0.08493239472349061,1.54,5.55,0,1,0.472977,-0.6457417959515187,0.07268896169353563,-0.03635540573804521,0.0792686004802691
call,74.0,2025-01-10,0.08493153855910705,0.87,1.3,6,6,0.233946,0.35425820404848135,0.07268896169353563,-0.03635540573804521,0.0792686004802691
call,74.5,2025-01-10,0.0849318239472349,0.41,3.1,0,0,0.31437,0.3204802016992059,0.06992682472103086,-0.03476386824880364,0.07629143756532605
put,74.5,2025-01-10,0.08493236301369864,2.0,5.9,0,10,0.526979,-0.6795197983007941,0.06992682472103086,-0.03476386824880364,0.07629143756532605
put,75.0,2025-01-10,0.0849318239472349,2.17,6.4,0,68,0.525155,-0.7066784079069741,0.06570689624186546,-0.033963128079336206,0.07251767042080183
call,75.0,2025-01-10,0.08493239472349061,0.33,2.2,0,7,0.51068,0.2933215920930259,0.06570689624186546,-0.033963128079336206,0.07251767042080183
call,75.5,2025-01-10,0.08493268011161846,0.27,1.2,0,4,0.304882,0.25690226149543444,0.06337235522625301,-0.030879683433587445,0.06861360419172621
put,75.5,2025-01-10,0.08493239472349061,2.6,6.7,0,1,0.509465,-0.7430977385045655,0.06337235522625301,-0.030879683433587445,0.06861360419172621
put,76.0,2025-01-10,0.08493172881785896,2.96,7.1,0,4,0.524613,-0.7742370823606087,0.059778412741434875,-0.028399665137200103,0.06418712633181774
call,76.0,2025-01-10,0.08493268011161846,0.19,0.96,0,1,0.289314,0.22576291763939127,0.059778412741434875,-0.028399665137200103,0.06418712633181774
call,76.5,2025-01-10,0.08493185565702689,0.14,1.77,0,0,0.418844,0.20209814786740016,0.055455543496991,-0.026789097607943575,0.05924270572902144
put,76.5,2025-01-10,0.084931633688483,3.35,7.5,0,0,0.544608,-0.7979018521325998,0.055455543496991,-0.026789097607943575,0.05924270572902144
put,77.0,2025-01-10,0.0849318239472349,3.8,7.95,0,1,0.55801,-0.8228643675525116,0.051302619871145094,-0.02458447798145381,0.054256832172765924
call,77.0,2025-01-10,0.08493223617453069,0.1,1.88,0,4,0.457448,0.17713563244748845,0.051302619871145094,-0.02458447798145381,0.054256832172765924
call,77.5,2025-01-10,0.084931633688483,0.06,1.43,0,1,0.408846,0.15211148204906644,0.04703524945360705,-0.021982965536116596,0.04925013583144088
put,77.5,2025-01-10,0.08493172881785896,4.2,8.35,0,0,0.57764,-0.8478885179509336,0.04703524945360705,-0.021982965536116596,0.04925013583144088
put,78.0,2025-01-10,0.084931633688483,4.65,8.7,0,0,0.576748,-0.8762982289555057,0.042287738143297685,-0.018488502954719745,0.04451295642956273
call,78.0,2025-01-10,0.08493239472349061,0.02,1.77,0,0,0.300521,0.1237017710444943,0.042287738143297685,-0.018488502954719745,0.04451295642956273
put,79.0,2025-01-10,0.0849318239472349,5.65,9.6,0,0,0.606311,-0.9053101750958115,0.034238296055693986,-0.01548360261864733,0.034613669199138115
call,79.0,2025-01-10,0.0849318239472349,0.01,1.3,0,0,0.439687,0.09468982490418852,0.034238296055693986,-0.01548360261864733,0.034613669199138115
put,80.0,2025-01-10,0.08493268011161846,6.6,10.45,0,0,0.620703,-0.9326650594242948,0.026609818495546004,-0.011894863348399717,0.030458670591220226
call,80.0,2025-01-10,0.0849318239472349,0.0,1.42,0,0,0.489368,0.06733494057570522,0.026609818495546004,-0.011894863348399717,0.030458670591220226
put,81.0,2025-01-10,0.084931633688483,7.55,11.65,0,0,0.618753,-0.9555077707714409,0.01954698334817199,-0.008429362773827774,0.021202905825843242
call,81.0,2025-01-10,0.08493854642313546,0.0,0.8,0,14,0.416644,0.04449222922855911,0.01954698334817199,-0.008429362773827774,0.021202905825843242
call,85.0,2025-01-10,0.08493268011161846,0.0,0.72,0,0,0.502619,0.007817407621381422,0.004542821635235723,-0.00190239106256012,0.0043504354817409845
put,85.0,2025-01-10,0.0849318239472349,11.5,15.6,0,0,0.79896,-0.9921825923786186,0.004542821635235723,-0.00190239106256012,0.0043504354817409845
put,90.0,2025-01-10,0.08493172881785896,16.2,20.75,0,0,0.929063,-0.9994655232940222,0.00040527719610750437,-0.00016653645023797525,0.000449490044943095
call,90.0,2025-01-10,0.08493838787417554,0.0,0.09,0,10,0.396226,0.0005344767059778583,0.00040527719610750437,-0.00016653645023797525,0.000449490044943095
put,95.0,2025-01-10,0.08493153855910705,21.1,25.55,0,0,1.051928,-0.9999790753456398,1.9613852450627448e-5,-7.954518269862158e-6,4.068742324648601e-5
call,95.0,2025-01-10,0.08494044901065449,0.0,0.69,0,1,0.707462,2.0924654360197634e-5,1.9613852450627448e-5,-7.954518269862158e-6,4.068742324648601e-5
put,100.0,2025-01-10,0.08493176052765093,26.5,30.55,0,0,1.164444,-0.9999994923995501,5.644345430096759e-7,-2.283758867523247e-7,2.0575920141708038e-5
call,100.0,2025-01-10,0.08493172881785896,0.0,1.18,0,0,0.918435,5.076004499235139e-7,5.644345430096759e-7,-2.283758867523247e-7,2.0575920141708038e-5
put,105.0,2025-01-10,0.08493176052765093,31.5,35.55,0,0,1.266578,-0.9999999927722865,9.30490077727229e-9,-3.733442637181031e-9,2.0013527944297024e-5
call,105.0,2025-01-10,0.0849318239472349,0.0,0.93,0,0,0.948926,7.2277135473406565e-9,9.30490077727229e-9,-3.733442637181031e-9,2.0013527944297024e-5
put,30.0,2025-01-17,0.10410996955859969,0.0,0.1,0,905,1.252251,-0.001533932780752,1.464701257837228e-5,-3.7428972238663134e-10,4.405800503812325e-5
call,30.0,2025-01-17,0.10410990613901573,39.1,44.0,0,40,2.335564,0.998466067219248,1.464701257837228e-5,-3.7428972238663134e-10,4.405800503812325e-5
put,35.0,2025-01-17,0.10410996955859969,0.0,0.25,0,136,1.212398,-0.0015975357430906,7.282760911540897e-7,-3.572368645386874e-8,2.1413312932758035e-5
call,35.0,2025-01-17,0.10411028665651953,34.5,38.6,0,70,1.979269,0.9984024642569094,7.282760911540897e-7,-3.572368645386874e-8,2.1413312932758035e-5
put,40.0,2025-01-17,0.1041095573313039,0.0,0.21,4,1318,0.659882,-0.0016249185078183,9.900235415546002e-6,-6.115319913317631e-5,4.2208528991096356e-5
call,40.0,2025-01-17,0.10411028665651953,29.55,33.6,0,200,1.685655,0.9983750814921817,9.900235415546002e-6,-6.115319913317631e-5,4.2208528991096356e-5
put,45.0,2025-01-17,0.10410996955859969,0.0,0.27,0,842,0.843803,-0.0016793211582742,3.381153698299871e-5,-0.00017151797109781167,9.757405833283227e-5
call,45.0,2025-01-17,0.10411047691527144,24.7,28.65,0,19,1.42573,0.9983206788417258,3.381153698299871e-5,-0.00017151797109781167,9.757405833283227e-5
put,50.0,2025-01-17,0.10410990613901573,0.0,0.15,1,1419,0.607975,-0.0034328643359746,0.0006241739773693904,-0.0036617719401364447,0.001229512983543342
call,50.0,2025-01-17,0.10411047691527144,19.75,23.7,0,138,1.187145,0.9965671356640254,0.0006241739773693904,-0.0036617719401364447,0.001229512983543342
put,54.0,2025-01-17,0.10410987442922374,0.0,0.17,0,76,0.416394,-0.0166051184284924,0.003854727876858294,-0.008098569196788087,0.009341848188989864
call,54.0,2025-01-17,0.10411047691527144,15.8,19.75,0,7,1.011694,0.9833948815715076,0.003854727876858294,-0.008098569196788087,0.009341848188989864
put,55.0,2025-01-17,0.10410996955859969,0.07,0.16,30,279,0.440958,-0.0175137731473383,0.00429218580900235,-0.008170180067864938,0.009408018691069636
call,55.0,2025-01-17,0.10411491628614916,14.85,18.75,0,24,0.975804,0.9824862268526617,0.00429218580900235,-0.008170180067864938,0.009408018691069636
put,56.0,2025-01-17,0.10410974759005581,0.0,0.17,3,104,0.37979,-0.0187160591441695,0.0048390862238378365,-0.008297837877054003,0.009473357584870284
call,56.0,2025-01-17,0.10411031836631152,13.85,17.8,0,3,0.931633,0.9812839408558305,0.0048390862238378365,-0.008297837877054003,0.009473357584870284
put,57.0,2025-01-17,0.10410996955859969,0.01,0.35,0,83,0.394982,-0.0212655392528027,0.005714635051862948,-0.008740739060701911,0.011648021065111229
call,57.0,2025-01-17,0.10411047691527144,12.85,16.8,0,250,0.887434,0.9787344607471973,0.005714635051862948,-0.008740739060701911,0.011648021065111229
put,58.0,2025-01-17,0.10410996955859969,0.08,0.35,0,1062,0.405343,-0.0245419950674928,0.006831913658177489,-0.009269629334340493,0.011740562787834702
call,58.0,2025-01-17,0.10410981100963977,11.6,15.85,0,12,0.851168,0.9754580049325072,0.006831913658177489,-0.009269629334340493,0.011740562787834702
call,59.0,2025-01-17,0.1041181506849315,10.9,14.85,0,6,0.807514,0.970830510805285,0.008334252067581071,-0.009993492177250974,0.014349827573096451
put,59.0,2025-01-17,0.10410996955859969,0.02,0.37,0,17297,0.443607,-0.029169489194715,0.008334252067581071,-0.009993492177250974,0.014349827573096451
put,60.0,2025-01-17,0.10410996955859969,0.11,0.24,5,18276,0.342772,-0.0666282447027581,0.014345793030222563,-0.0181679306402872,0.028486567312951752
call,60.0,2025-01-17,0.10411047691527144,9.95,13.9,0,1266,0.772644,0.9333717552972419,0.014345793030222563,-0.0181679306402872,0.028486567312951752
put,61.0,2025-01-17,0.10410996955859969,0.01,0.21,0,23413,0.271329,-0.0904770780509421,0.01780181316072624,-0.02248978036743116,0.03777859256204977
call,61.0,2025-01-17,0.10411028665651953,8.95,12.95,0,15,0.7288,0.9095229219490579,0.01780181316072624,-0.02248978036743116,0.03777859256204977
put,62.0,2025-01-17,0.10410962075088788,0.14,0.37,29,23731,0.315924,-0.0916682897804089,0.01996411756716338,-0.020866054611175876,0.03797219652794996
call,62.0,2025-01-17,0.1041181506849315,8.0,11.75,0,79,0.692639,0.9083317102195911,0.01996411756716338,-0.020866054611175876,0.03797219652794996
put,63.0,2025-01-17,0.10410996955859969,0.17,0.44,223,6618,0.30243,-0.1069773552550158,0.02352031755300133,-0.02207463834016535,0.0431592362201012
call,63.0,2025-01-17,0.10411028665651953,7.05,11.05,0,129,0.656834,0.8930226447449842,0.02352031755300133,-0.02207463834016535,0.0431592362201012
call,64.0,2025-01-17,0.10410996955859969,5.9,10.05,0,105,0.619254,0.8700363899017476,0.027902504388660935,-0.02419076559532735,0.04866933548209443
put,64.0,2025-01-17,0.10410962075088788,0.25,0.63,30,4737,0.304897,-0.1299636100982524,0.027902504388660935,-0.02419076559532735,0.04866933548209443
put,65.0,2025-01-17,0.10410962075088788,0.38,0.64,409,904,0.291503,-0.1477725177055584,0.03284980405022682,-0.024514807097354933,0.054179657091751536
call,65.0,2025-01-17,0.10410965246067985,6.55,7.85,19,478,0.416014,0.8522274822944416,0.03284980405022682,-0.024514807097354933,0.054179657091751536
put,66.0,2025-01-17,0.10410962075088788,0.48,0.73,75,1801,0.276273,-0.1723228967450227,0.03897737805930087,-0.02521145974818624,0.05979244245519283
call,66.0,2025-01-17,0.10411044520547945,4.35,8.1,27,68,0.51196,0.8276771032549773,0.03897737805930087,-0.02521145974818624,0.05979244245519283
put,67.0,2025-01-17,0.10410962075088788,0.61,0.88,119,482,0.265978,-0.2057982225480661,0.04625493574763988,-0.02624814414331243,0.06538845451200095
call,67.0,2025-01-17,0.10411044520547945,3.6,7.35,29,278,0.480063,0.7942017774519339,0.04625493574763988,-0.02624814414331243,0.06538845451200095
put,68.0,2025-01-17,0.10410962075088788,0.79,1.26,106,2916,0.269744,-0.246024592718514,0.05491479277567002,-0.026953180529966172,0.07084986548746419
call,68.0,2025-01-17,0.10410990613901573,4.1,5.35,36,282,0.279901,0.753975407281486,0.05491479277567002,-0.026953180529966172,0.07084986548746419
put,69.0,2025-01-17,0.10410965246067985,1.05,1.52,121,1266,0.261018,-0.2999547699295492,0.06377996846593494,-0.028029359416119563,0.08002471107959215
call,69.0,2025-01-17,0.10410996955859969,3.35,4.55,133,439,0.269025,0.7000452300704508,0.06377996846593494,-0.028029359416119563,0.08002471107959215
put,70.0,2025-01-17,0.10410962075088788,1.36,1.74,233,12364,0.248319,-0.3665830103581236,0.07098511262792423,-0.029264009343073393,0.08700740932120338
call,70.0,2025-01-17,0.1041095573313039,2.72,3.5,165,20553,0.243886,0.6334169896418764,0.07098511262792423,-0.029264009343073393,0.08700740932120338
put,71.0,2025-01-17,0.10410965246067985,1.75,2.27,127,827,0.2395,-0.4405116009797236,0.07523873208083023,-0.03009163465242613,0.09097265440966845
call,71.0,2025-01-17,0.10410990613901573,2.13,2.85,291,884,0.238062,0.5594883990202764,0.07523873208083023,-0.03009163465242613,0.09097265440966845
call,72.0,2025-01-17,0.10410962075088788,1.94,2.08,228,15297,0.237634,0.4838516816637624,0.07598122725274858,-0.030245213385270177,0.09232139532009155
put,72.0,2025-01-17,0.10410965246067985,2.08,2.6,93,739,0.252392,-0.5161483183362376,0.07598122725274858,-0.030245213385270177,0.09232139532009155
put,73.0,2025-01-17,0.10410971588026383,2.52,3.65,76,324,0.247268,-0.5890465505066561,0.07372164080799853,-0.029517877457787497,0.09090296212740613
call,73.0,2025-01-17,0.10410962075088788,1.48,1.56,74,815,0.229082,0.41095344949334384,0.07372164080799853,-0.029517877457787497,0.09090296212740613
put,74.0,2025-01-17,0.10410962075088788,3.1,3.85,69,512,0.216379,-0.6568080823629696,0.0692555655844985,-0.027981508333227566,0.08598187690841463
call,74.0,2025-01-17,0.10410962075088788,1.14,1.64,99,663,0.256604,0.34319191763703044,0.0692555655844985,-0.027981508333227566,0.08598187690841463
put,75.0,2025-01-17,0.1041095573313039,3.8,4.9,60,1125,0.230323,-0.718071758344792,0.06323267588723307,-0.0258184609377143,0.0781231274939457
call,75.0,2025-01-17,0.1041097792998478,0.86,1.1,4081,12612,0.243039,0.281928241655208,0.06323267588723307,-0.0258184609377143,0.0781231274939457
put,76.0,2025-01-17,0.10410962075088788,3.2,5.75,0,103,0.328726,-0.7718851209956868,0.056229199321152286,-0.023280329027100977,0.06817719375475954
call,76.0,2025-01-17,0.10410962075088788,0.59,0.88,9107,1058,0.2409,0.2281148790043131,0.056229199321152286,-0.023280329027100977,0.06817719375475954
put,77.0,2025-01-17,0.10411044520547945,4.1,7.75,0,173,0.417484,-0.8170814947377898,0.04880574396375808,-0.020573892189444255,0.0631019334366537
call,77.0,2025-01-17,0.10410962075088788,0.45,0.69,188,1612,0.244853,0.18291850526221023,0.04880574396375808,-0.020573892189444255,0.0631019334366537
put,78.0,2025-01-17,0.10411044520547945,4.9,8.6,0,153,0.450605,-0.8528803230051708,0.04161740583099707,-0.01820805678899484,0.05176260040195915
call,78.0,2025-01-17,0.10410996955859969,0.14,0.46,220,533,0.221922,0.1471196769948292,0.04161740583099707,-0.01820805678899484,0.05176260040195915
put,79.0,2025-01-17,0.10411041349568746,5.65,9.55,0,51,0.525527,-0.8815313370287206,0.03511143551525756,-0.015983240266094618,0.04642825709389072
call,79.0,2025-01-17,0.10411107940131913,0.18,0.34,12,950,0.234689,0.11846866297127948,0.03511143551525756,-0.015983240266094618,0.04642825709389072
put,80.0,2025-01-17,0.1041097792998478,7.0,10.8,0,168,0.556106,-0.9100977181390952,0.02884166814925178,-0.013081064449601264,0.04125538096953076
call,80.0,2025-01-17,0.10422479071537291,0.17,0.48,78,2656,NaN,NaN,NaN,NaN,NaN
put,81.0,2025-01-17,0.10411038178589549,7.65,11.75,0,76,0.579466,-0.9293763752147806,0.023678758284586515,-0.011039342823733774,0.031191459026092872
call,81.0,2025-01-17,0.10410990613901573,0.04,0.69,1,196,0.303438,0.07062362478521945,0.023678758284586515,-0.011039342823733774,0.031191459026092872
put,82.0,2025-01-17,0.10410962075088788,8.55,12.75,0,204,0.60856,-0.9392574306340007,0.02015996842341697,-0.010255945189528002,0.02677381748599756
call,82.0,2025-01-17,0.10410962075088788,0.04,0.27,1016,1879,0.254094,0.06074256936599933,0.02015996842341697,-0.010255945189528002,0.02677381748599756
put,83.0,2025-01-17,0.10411047691527144,9.5,13.5,0,0,0.63576,-0.956102119313206,0.01574428752027149,-0.007839368580315751,0.02283303248134143
call,83.0,2025-01-17,0.10410974759005581,0.02,0.55,7,284,0.318405,0.04389788068679397,0.01574428752027149,-0.007839368580315751,0.02283303248134143
put,84.0,2025-01-17,0.10411019152714358,10.5,14.7,0,0,0.662602,-0.9654478936778155,0.012754819711468645,-0.006561810778333594,0.01925784084960956
call,84.0,2025-01-17,0.10410990613901573,0.02,0.43,0,158,0.292168,0.03455210632218451,0.012754819711468645,-0.006561810778333594,0.01925784084960956
call,85.0,2025-01-17,0.10410996955859969,0.01,0.15,28,769,0.256381,0.025650150108406884,0.009939456947348048,-0.005149614567281183,0.014022314983709034
put,85.0,2025-01-17,0.10410971588026383,11.45,15.5,0,1,0.689098,-0.9743498498915931,0.009939456947348048,-0.005149614567281183,0.014022314983709034
put,86.0,2025-01-17,0.10411028665651953,12.45,16.5,0,0,0.715116,-0.9802587037943066,0.007881388186275791,-0.004171603088386281,0.010719773034734864
call,86.0,2025-01-17,0.10410990613901573,0.01,0.37,1,285,0.314584,0.019741296205693402,0.007881388186275791,-0.004171603088386281,0.010719773034734864
put,87.0,2025-01-17,0.10411012810755961,13.5,17.65,0,0,0.739477,-0.9909850727267889,0.004331530354047639,-0.001984997625709387,0.005484816487760517
call,87.0,2025-01-17,0.10410981100963977,0.01,0.37,0,537,0.364033,0.009014927273211081,0.004331530354047639,-0.001984997625709387,0.005484816487760517
call,90.0,2025-01-17,0.1041097792998478,0.04,0.19,0,712,0.362646,0.005745461345510515,0.0026447874066297485,-0.001455975231356261,0.0043063481896214294
put,90.0,2025-01-17,0.10410987442922374,16.05,20.95,0,35,0.810827,-0.9942545386544895,0.0026447874066297485,-0.001455975231356261,0.0043063481896214294
put,95.0,2025-01-17,0.10411019152714358,21.1,25.85,0,1,0.919061,-0.9997367753805216,0.00017613264980945867,-8.042889782619982e-5,0.0002468558160730823
call,95.0,2025-01-17,0.10410984271943176,0.0,0.34,0,454,0.547882,0.00026322461947837224,0.00017613264980945867,-8.042889782619982e-5,0.0002468558160730823
put,100.0,2025-01-17,0.10410993784880772,26.1,30.95,0,0,1.018491,-0.9998206970223464,0.00010659611214243184,-6.374057111757356e-5,0.00022295997553410126
call,100.0,2025-01-17,0.10410990613901573,0.02,0.3,0,1816,0.456145,0.00017930297765353606,0.00010659611214243184,-6.374057111757356e-5,0.00022295997553410126
put,105.0,2025-01-17,0.10410965246067985,31.1,36.0,0,0,1.10957,-0.9999983579891071,1.4152432460424963e-6,-6.692605528291128e-7,2.1921420261404384e-5
call,105.0,2025-01-17,0.10410974759005581,0.0,0.31,0,307,0.679267,1.6420108929587789e-6,1.4152432460424963e-6,-6.692605528291128e-7,2.1921420261404384e-5
put,110.0,2025-01-17,0.10411031836631152,36.45,40.5,0,0,1.193699,-0.9999999015057763,9.364709485843224e-8,-4.48805623576287e-8,2.01357231652275e-5
call,110.0,2025-01-17,0.10410984271943176,0.0,0.3,0,438,0.73949,9.849422364100312e-8,9.364709485843224e-8,-4.48805623576287e-8,2.01357231652275e-5
put,115.0,2025-01-17,0.10411031836631152,41.45,45.5,0,0,1.272014,-0.9999999898584623,1.0067554979595803e-8,-5.098246401687144e-9,2.0013057116376942e-5
call,115.0,2025-01-17,0.10410981100963977,0.0,0.15,10,2813,0.713633,1.0141537679143922e-8,1.0067554979595803e-8,-5.098246401687144e-9,2.0013057116376942e-5
put,120.0,2025-01-17,0.10411031836631152,46.45,50.5,0,0,1.347009,-0.9999999972319311,2.7021130408783543e-9,-1.5096927135243114e-9,2.0003733477558344e-5
call,120.0,2025-01-17,0.10410981100963977,0.01,0.08,0,5138,0.631356,2.768068936499182e-9,2.7021130408783543e-9,-1.5096927135243114e-9,2.0003733477558344e-5
put,50.0,2025-01-24,0.12328852739726028,0.0,0.49,0,0,0.713882,-0.0002312579077358,0.00010947353720189316,-0.00043858962560576454,0.00025900546801665227
call,50.0,2025-01-24,0.12328770294266869,19.6,23.65,0,1,1.065183,0.9997687420922642,0.00010947353720189316,-0.00043858962560576454,0.00025900546801665227
put,55.0,2025-01-24,0.12328770294266869,0.0,0.53,2,2,0.571395,-0.004638602734044,0.0017452147137447219,-0.00767911449920122,0.002958175589904885
call,55.0,2025-01-24,0.12328779807204465,14.7,18.75,0,0,0.866151,0.995361397265956,0.0017452147137447219,-0.00767911449920122,0.002958175589904885
put,60.0,2025-01-24,0.12328855910705226,0.0,0.66,0,0,0.406966,-0.0380285858506982,0.01086979549786548,-0.01362170933529094,0.021577606106528317
call,60.0,2025-01-24,0.12328770294266869,9.85,13.95,0,0,0.698329,0.9619714141493018,0.01086979549786548,-0.01362170933529094,0.021577606106528317
put,65.0,2025-01-24,0.12328770294266869,0.22,1.13,2,5,0.311484,-0.1300262069142093,0.028272035288745175,-0.03847329801082145,0.05100767011975048
call,65.0,2025-01-24,0.12328770294266869,5.25,9.4,0,0,0.495572,0.8699737930857907,0.028272035288745175,-0.03847329801082145,0.05100767011975048
put,66.0,2025-01-24,0.12328770294266869,0.29,1.12,0,1,0.289002,-0.1643208715938272,0.033251831070452424,-0.04017964747399859,0.06264209556596056
call,66.0,2025-01-24,0.12328852739726028,4.75,8.1,0,0,0.471923,0.8356791284061728,0.033251831070452424,-0.04017964747399859,0.06264209556596056
put,66.5,2025-01-24,0.12328855910705226,0.28,1.84,0,0,0.408952,-0.2138789502228906,0.03928694766649578,-0.0298241574528014,0.07011367517630276
call,66.5,2025-01-24,0.1232878932014206,3.95,8.15,0,0,0.523188,0.7861210497771094,0.03928694766649578,-0.0298241574528014,0.07011367517630276
put,67.0,2025-01-24,0.12328884449518011,0.33,1.98,0,0,0.288216,-0.2055658721981416,0.03835436494824782,-0.041230734327234134,0.06989495107194527
call,67.0,2025-01-24,0.12328770294266869,3.55,7.7,0,0,0.46161,0.7944341278018584,0.03835436494824782,-0.041230734327234134,0.06989495107194527
put,67.5,2025-01-24,0.12328821029934044,0.38,1.58,0,6,0.278133,-0.226612261844002,0.04080241725171004,-0.041777134190749673,0.07538197079962675
call,67.5,2025-01-24,0.12328770294266869,3.2,7.3,0,0,0.453368,0.773387738155998,0.04080241725171004,-0.041777134190749673,0.07538197079962675
put,68.0,2025-01-24,0.12328855910705226,0.44,2.57,0,0,0.500095,-0.2804233170867084,0.046052323488396114,-0.032863883155659385,0.08571279527955551
call,68.0,2025-01-24,0.12328792491121258,2.78,6.95,0,0,0.491164,0.7195766829132916,0.046052323488396114,-0.032863883155659385,0.08571279527955551
call,68.5,2025-01-24,0.12328840055809234,2.41,6.55,0,0,0.479099,0.6946673181165487,0.04789217424040607,-0.03383423366879849,0.08636152044942123
put,68.5,2025-01-24,0.12328855910705226,0.51,2.71,0,0,0.437017,-0.3053326818834513,0.04789217424040607,-0.03383423366879849,0.08636152044942123
put,69.0,2025-01-24,0.12328855910705226,0.59,2.8,0,0,0.278586,-0.3037708761459652,0.047762655569870076,-0.041608045692060364,0.08721845148714948
call,69.0,2025-01-24,0.12328792491121258,2.1,6.2,0,0,0.439369,0.6962291238540348,0.047762655569870076,-0.041608045692060364,0.08721845148714948
call,69.5,2025-01-24,0.12328855910705226,2.0,5.85,0,0,0.438826,0.6707491190672326,0.04952960377121917,-0.04203824477486148,0.09105889767378753
put,69.5,2025-01-24,0.12328855910705226,0.67,2.35,0,0,0.260631,-0.3292508809327674,0.04952960377121917,-0.04203824477486148,0.09105889767378753
put,70.0,2025-01-24,0.12328855910705226,0.91,2.47,1,0,0.262883,-0.3587508768193158,0.05124216711531869,-0.04156918073206124,0.09256747282973811
call,70.0,2025-01-24,0.12328855910705226,2.63,5.35,3,4,0.269405,0.6412491231806842,0.05124216711531869,-0.04156918073206124,0.09256747282973811
call,70.5,2025-01-24,0.12328855910705226,1.75,5.3,0,0,0.247719,0.6096064345845985,0.05259288282960238,-0.04068454480807492,0.09593097552792804
put,70.5,2025-01-24,0.12328855910705226,1.3,2.73,0,2,0.273215,-0.3903935654154015,0.05259288282960238,-0.04068454480807492,0.09593097552792804
put,71.0,2025-01-24,0.12328770294266869,0.89,2.9,0,3,0.239134,-0.4136602046911726,0.053381921511183275,-0.04167431629022639,0.09773780820964713
call,71.0,2025-01-24,0.12328852739726028,2.35,5.05,0,2,0.306832,0.5863397953088274,0.053381921511183275,-0.04167431629022639,0.09773780820964713
call,71.5,2025-01-24,0.1232878932014206,1.15,4.8,0,0,0.270656,0.5487518219267056,0.05422806716400581,-0.03951398058700977,0.09924988503116067
put,71.5,2025-01-24,0.12328763952308473,2.12,3.05,3,5,0.276636,-0.4512481780732944,0.05422806716400581,-0.03951398058700977,0.09924988503116067
put,72.0,2025-01-24,0.12328763952308473,2.37,3.3,1,0,0.278733,-0.4797522030313477,0.05443882751833188,-0.039138108817566096,0.10020874775128073
call,72.0,2025-01-24,0.12328798833079654,1.4,4.6,0,0,0.299852,0.5202477969686523,0.05443882751833188,-0.039138108817566096,0.10020874775128073
put,72.5,2025-01-24,0.12329299847792999,1.85,4.65,0,0,0.286697,-0.5124140212772637,0.05435503231645395,-0.037788446428658154,0.10009661251995927
call,72.5,2025-01-24,0.12328798833079654,0.41,3.65,0,0,0.230584,0.4875859787227363,0.05435503231645395,-0.037788446428658154,0.10009661251995927
put,73.0,2025-01-24,0.12328884449518011,2.09,5.45,0,0,0.306676,-0.5410357243930218,0.054047647502235785,-0.03710844801797579,0.09885644483783874
call,73.0,2025-01-24,0.12328798833079654,0.72,3.45,0,0,0.257911,0.45896427560697817,0.054047647502235785,-0.03710844801797579,0.09885644483783874
put,73.5,2025-01-24,0.12328840055809234,1.65,5.8,0,0,0.483602,-0.5718767437413829,0.05310866880210733,-0.03574077520881703,0.09931975003035325
call,73.5,2025-01-24,0.12328763952308473,1.5,2.05,0,10,0.2517,0.4281232562586171,0.05310866880210733,-0.03574077520881703,0.09931975003035325
call,74.0,2025-01-24,0.12328855910705226,0.76,3.4,0,0,0.305265,0.39653817176839146,0.05184727364819399,-0.03401901315541716,0.09647449268315411
put,74.0,2025-01-24,0.12328855910705226,2.0,6.1,0,0,0.478694,-0.6034618282316085,0.05184727364819399,-0.03401901315541716,0.09647449268315411
put,74.5,2025-01-24,0.12328852739726028,2.33,6.4,0,0,0.459893,-0.6252229156569176,0.05112405287085276,-0.03391625885618215,0.09729064509331023
call,74.5,2025-01-24,0.12328798833079654,0.34,2.94,0,0,0.27274,0.3747770843430824,0.05112405287085276,-0.03391625885618215,0.09729064509331023
put,75.0,2025-01-24,0.12328855910705226,2.68,6.75,0,0,0.476345,-0.6557959732890021,0.04906274777431882,-0.03185398533778011,0.09305976721847427
call,75.0,2025-01-24,0.12328798833079654,0.6,2.5,2,2,0.281456,0.34420402671099787,0.04906274777431882,-0.03185398533778011,0.09305976721847427
call,75.5,2025-01-24,0.12328798833079654,0.0,3.3,0,0,0.292232,0.3233838322260626,0.04785777426462764,-0.031395524524081314,0.08915493656324511
put,75.5,2025-01-24,0.12328770294266869,3.0,7.3,0,0,0.43912,-0.6766161677739374,0.04785777426462764,-0.031395524524081314,0.08915493656324511
put,76.0,2025-01-24,0.12328770294266869,3.45,7.7,0,0,0.493863,-0.6907719787511248,0.04784826421580567,-0.03196246162217531,0.09127480944723786
call,76.0,2025-01-24,0.12328798833079654,0.0,3.2,0,0,0.484246,0.3092280212488752,0.04784826421580567,-0.03196246162217531,0.09127480944723786
call,76.5,2025-01-24,0.12328798833079654,0.0,3.05,0,0,0.486391,0.28792010250847333,0.0462315213818337,-0.030906291302680557,0.08655373000821293
put,76.5,2025-01-24,0.12328830542871638,3.8,7.8,0,7,0.495928,-0.7120798974915267,0.0462315213818337,-0.030906291302680557,0.08655373000821293
put,77.0,2025-01-24,0.12328770294266869,4.2,8.2,0,0,0.501994,-0.7322600019594301,0.0445028218802898,-0.029887661546508345,0.08123492533700065
call,77.0,2025-01-24,0.12328855910705226,0.0,2.3,0,0,0.434202,0.26773999804056986,0.0445028218802898,-0.029887661546508345,0.08123492533700065
call,77.5,2025-01-24,0.12328798833079654,0.0,2.01,0,1,0.407007,0.2486999104113746,0.04268795907201607,-0.02878923651415215,0.0817382982453289
put,77.5,2025-01-24,0.12328795662100457,4.55,8.6,0,0,0.507549,-0.7513000895886254,0.04268795907201607,-0.02878923651415215,0.0817382982453289
put,78.0,2025-01-24,0.12328795662100457,5.0,9.0,0,0,0.513001,-0.769915592309242,0.04087245270689015,-0.02759211941920076,0.07596991410155404
call,78.0,2025-01-24,0.12328798833079654,0.0,1.96,0,0,0.416775,0.23008440769075797,0.04087245270689015,-0.02759211941920076,0.07596991410155404
put,79.0,2025-01-24,0.12328779807204465,5.8,9.85,0,0,0.526823,-0.8039333910742378,0.03710744354949615,-0.02513695910276203,0.07030626411252572
call,79.0,2025-01-24,0.12328798833079654,0.09,1.76,0,0,0.422201,0.19606660892576225,0.03710744354949615,-0.02513695910276203,0.07030626411252572
put,80.0,2025-01-24,0.12328792491121258,6.7,10.8,0,0,0.55073,-0.8340733978291781,0.033308583774670344,-0.022687024855254444,0.06442231254696892
call,80.0,2025-01-24,0.12328871765601218,0.01,1.66,0,0,0.411591,0.16592660217082186,0.033308583774670344,-0.022687024855254444,0.06442231254696892
put,81.0,2025-01-24,0.12328795662100457,7.65,11.85,0,0,0.549891,-0.8611327258928394,0.02956507442449246,-0.02014991851740762,0.0584118109254037
call,81.0,2025-01-24,0.12328798833079654,0.0,1.7,0,0,0.443661,0.13886727410716063,0.02956507442449246,-0.02014991851740762,0.0584118109254037
put,85.0,2025-01-24,0.1232878932014206,11.45,15.6,0,0,0.658147,-0.9372773149143909,0.016451956003167616,-0.011219257526120362,0.03043264110675676
call,85.0,2025-01-24,0.12328798833079654,0.0,1.51,0,0,0.534652,0.06272268508560909,0.016451956003167616,-0.011219257526120362,0.03043264110675676
put,90.0,2025-01-24,0.12328795662100457,16.5,20.55,0,0,0.765485,-0.9799554927329065,0.006441833006374178,-0.0044248303386059396,0.012357163756238576
call,90.0,2025-01-24,0.12328798833079654,0.0,1.17,0,0,0.59094,0.020044507267093493,0.006441833006374178,-0.0044248303386059396,0.012357163756238576
call,95.0,2025-01-24,0.12328798833079654,0.0,0.95,0,0,0.640835,0.005409249675115312,0.002056555785522278,-0.001420232804101029,0.0038873848302030988
put,95.0,2025-01-24,0.12328855910705226,21.5,25.55,0,0,0.866742,-0.9945907503248846,0.002056555785522278,-0.001420232804101029,0.0038873848302030988
put,100.0,2025-01-24,0.1232878932014206,26.5,30.75,0,0,0.959899,-0.9987629734019541,0.0005433839065182369,-0.00037548877438663754,0.0009405588619103615
call,100.0,2025-01-24,0.12328798833079654,0.0,0.93,0,0,0.715673,0.0012370265980459667,0.0005433839065182369,-0.00037548877438663754,0.0009405588619103615
put,105.0,2025-01-24,0.12328779807204465,31.5,35.95,0,0,1.04386,-0.9997400134060642,0.0001281879507663723,-8.898103518876184e-5,0.00026046044771828737
call,105.0,2025-01-24,0.12328798833079654,0.0,0.75,0,0,0.748353,0.0002599865939357274,0.0001281879507663723,-8.898103518876184e-5,0.00026046044771828737
